Data/Catalogs/Detection-F814W_Analysis-F275W_Catalog.ecsv
# %ECSV 1.0
# ---
# datatype:
# - {name: label, datatype: int64}
# - {name: xcentroid, datatype: float64}
# - {name: ycentroid, datatype: float64}
# - {name: sky_centroid.ra, unit: deg, datatype: float64}
# - {name: sky_centroid.dec, unit: deg, datatype: float64}
# - {name: bbox_xmin, datatype: int64}
# - {name: bbox_xmax, datatype: int64}
# - {name: bbox_ymin, datatype: int64}
# - {name: bbox_ymax, datatype: int64}
# - {name: area, unit: pix2, datatype: float64}
# - {name: semimajor_sigma, unit: pix, datatype: float64}
# - {name: semiminor_sigma, unit: pix, datatype: float64}
# - {name: orientation, unit: deg, datatype: float64}
# - {name: eccentricity, datatype: float64}
# - {name: min_value, datatype: float64}
# - {name: max_value, datatype: float64}
# - {name: local_background, datatype: float64}
# - {name: segment_flux, datatype: float64}
# - {name: segment_fluxerr, datatype: float64}
# - {name: kron_flux, datatype: float64}
# - {name: kron_fluxerr, datatype: float64}
# meta: !!omap
# - {date: '2025-03-07 10:22:21 CST'}
# - version: {Python: 3.12.5, astropy: 6.1.2, bottleneck: null, gwcs: 0.21.0, matplotlib: 3.10.0, numpy: 1.26.4, photutils: 1.12.0, scipy: 1.14.0,
#     skimage: 0.24.0, sklearn: 1.5.1}
# - {localbkg_width: 0}
# - {apermask_method: correct}
# - kron_params: !!python/tuple [2.5, 1.4, 0.0]
# - __serialized_columns__:
#     area:
#       __class__: astropy.units.quantity.Quantity
#       unit: !astropy.units.Unit {unit: pix2}
#       value: !astropy.table.SerializedColumn {name: area}
#     eccentricity:
#       __class__: astropy.units.quantity.Quantity
#       unit: !astropy.units.Unit {unit: ''}
#       value: !astropy.table.SerializedColumn {name: eccentricity}
#     orientation:
#       __class__: astropy.units.quantity.Quantity
#       unit: &id001 !astropy.units.Unit {unit: deg}
#       value: !astropy.table.SerializedColumn {name: orientation}
#     semimajor_sigma:
#       __class__: astropy.units.quantity.Quantity
#       unit: !astropy.units.Unit {unit: pix}
#       value: !astropy.table.SerializedColumn {name: semimajor_sigma}
#     semiminor_sigma:
#       __class__: astropy.units.quantity.Quantity
#       unit: !astropy.units.Unit {unit: pix}
#       value: !astropy.table.SerializedColumn {name: semiminor_sigma}
#     sky_centroid:
#       __class__: astropy.coordinates.sky_coordinate.SkyCoord
#       dec: !astropy.table.SerializedColumn
#         __class__: astropy.coordinates.angles.core.Latitude
#         unit: *id001
#         value: !astropy.table.SerializedColumn {name: sky_centroid.dec}
#       frame: icrs
#       ra: !astropy.table.SerializedColumn
#         __class__: astropy.coordinates.angles.core.Longitude
#         unit: *id001
#         value: !astropy.table.SerializedColumn {name: sky_centroid.ra}
#         wrap_angle: !astropy.coordinates.Angle
#           unit: *id001
#           value: 360.0
#       representation_type: spherical
# schema: astropy-2.0
label xcentroid ycentroid sky_centroid.ra sky_centroid.dec bbox_xmin bbox_xmax bbox_ymin bbox_ymax area semimajor_sigma semiminor_sigma orientation eccentricity min_value max_value local_background segment_flux segment_fluxerr kron_flux kron_fluxerr
[from data line 62]
107 5666.995788181621 2896.765411268264 176.09639446982627 20.162364071434066 5664 5670 2894 2900 33.0 1.563400989952611 1.5527804905867566 -3.5626783833968454 0.11636261088625091 -0.004428214859217405 0.005038825795054436 0.0 0.009065980353625491 0.019375968490629752 0.017179265211308338 0.04326213675574321
108 7497.987119222715 2907.845372001132 176.0801401233058 20.16245461811084 7495 7501 2905 2911 42.0 1.818005932216163 1.72866507676944 -53.57463186140666 0.30962798734068564 -0.008573039434850216 0.0061427634209394455 0.0 -0.02492161618283717 0.022474185839580094 -0.0264628941345837 0.07801552618140682
109 8312.587146728742 2935.966449293625 176.0729085876322 20.162687686088326 8310 8315 2933 2939 31.0 1.7688230741512307 1.3359761084113568 74.29513613137044 0.6553896089760656 nan nan nan nan nan nan nan
111 5064.891419665601 2989.962285277253 176.1017395249373 20.163140973441802 5063 5067 2988 2992 20.0 1.5340165162850317 0.9940269234278161 -41.98909884213907 0.7616490863549642 -0.001039804657921195 0.015584427863359451 0.0 0.15511223440989852 0.01677198015027188 0.3061502946930251 0.05971480337638096
112 1399.5112849264854 3045.783634777095 176.13427858911643 20.163604262046775 1397 1402 3043 3048 28.0 1.4721252988248401 1.4550118700940204 0.893480686537193 0.15203559436592326 nan nan nan nan nan nan nan
113 6826.656598854697 3150.3681515879784 176.08609947457109 20.16447646924417 6823 6830 3144 3156 84.0 3.178318833369653 1.9962571880650213 83.42262242000781 0.7781440256800324 -0.006935757119208574 0.0053551411256194115 0.0 0.0932993531714601 0.03172930910318639 0.6544437350749044 inf
114 7602.11227700014 3155.3213590342325 176.079215391527 20.16451677125037 7598 7606 3151 3159 59.0 2.0369393797580613 1.9430848868306032 -57.08050763379277 0.30004907306251644 -0.006377211306244135 0.004892253782600164 0.0 -0.020466784967538842 0.02680474041722992 -0.024311325488268334 0.0542451168229524
115 6931.8957407103335 3172.488792809153 176.08516519175976 20.16466069131667 6929 6936 3169 3177 45.0 2.2672815096378427 1.5945161723188284 -50.53460703595889 0.7109206285613721 -0.0054994672536849976 0.011233998462557793 0.0 0.04150871128149447 0.02323442856246713 0.3361245832571894 0.09590740663336532
116 1538.5099282276278 3180.0111866730663 176.13304482294478 20.164723005557352 1536 1541 3177 3183 34.0 1.8025830017342315 1.4068270931830509 62.3378781533744 0.625217376198535 nan nan nan nan nan nan nan
117 5128.205002222529 3179.3998277796927 176.10117739965102 20.164719599665624 5127 5129 3179 3180 5.0 0.7718345341108209 0.44713449800443833 18.544767371458374 0.8151045144020778 -0.0008748925756663084 0.0051992968656122684 0.0 0.010726091044489294 0.007630556213875886 0.017531806072863976 0.026209218492686346
118 4247.752597686226 3202.574048588104 176.10899359438554 20.16491283481493 4244 4252 3198 3207 69.0 2.169224777520904 2.0937803463754743 83.91389622579827 0.2614369480493824 -0.00512146670371294 0.005968560464680195 0.0 0.08518214382638689 0.02849810732990274 0.05431205977719313 0.05437225828553767
119 2051.9842359424774 3222.5654401996776 176.1284865160002 20.165078217393578 2044 2060 3213 3232 262.0 4.716242763685681 3.629108647959935 57.491955405315515 0.6386570711080358 nan nan nan nan nan nan nan
120 4178.50738190976 3265.919599801927 176.1096083241034 20.165440708933147 4176 4181 3264 3268 22.0 1.6094863882608565 1.0611240438573821 38.445114477540216 0.7518856126886769 -0.0023990455083549023 0.007646741345524788 0.0 0.028018291690386832 0.016109679442003 0.2136667341051839 0.06990603308752451
121 1303.7870531370293 3328.324589518683 176.135128785916 20.165958640207702 1298 1310 3322 3335 144.0 3.25274247125272 2.9203330833067813 74.70355326672109 0.44039031174774607 nan nan nan nan nan nan nan
122 1312.5001337077595 3348.45125681153 176.13505146455955 20.166126374366392 1309 1317 3342 3356 98.0 3.8617482857641434 1.9552297448563065 -78.23545148833865 0.8623533720562518 nan nan nan nan nan nan nan
123 7465.453950151233 3359.0884442890083 176.08042827314875 20.16621502126054 7459 7472 3351 3367 193.0 3.7084038233448764 2.918242683800549 65.61121643448283 0.6170462473706655 -0.005545175168663263 0.005036701913923025 0.0 -0.07044563793451175 0.04664732042886299 -0.05958304127455397 0.08586306804652323
124 7171.119133948889 3354.0916958560197 176.08304125392493 20.16617376530954 7169 7173 3352 3356 22.0 1.335055632660078 1.2133760997275784 45.48597011510776 0.41710548955636145 -0.005054105073213577 0.00459115719422698 0.0 -0.00986132126126904 0.015941106094988337 -0.04584648442668695 0.035884517100176774
125 5953.154826364849 3369.1646278095877 176.09385378871573 20.166300550524262 5948 5959 3362 3376 140.0 3.2748181249868606 2.6222514260014824 -88.64342911474715 0.599022855957988 -0.006446980871260166 0.0086276326328516 0.0 0.1855645338910108 0.041079354261301305 0.23580263951411862 0.07277941063277822
126 4114.293731289255 3375.677128393493 176.1101783961141 20.166355348011795 4109 4119 3372 3380 69.0 3.0381731010316106 1.7232129084098027 28.98024055331823 0.8235888991990994 -0.007878522388637066 0.0072141229175031185 0.0 0.07025938962760847 0.030055301320892132 0.17137135799440917 0.11207395639345608
127 3209.98291504864 3390.196362213602 176.1182064839513 20.166476048500954 3207 3212 3387 3393 32.0 1.8829908937095292 1.303500784696531 -67.12130436109202 0.721657597890497 -0.00400333059951663 0.007072138600051403 0.0 0.05092860769946128 0.020226418817066123 0.30142624789261185 0.06819378251442955
128 4324.100942172453 3424.957174862187 176.1083158201006 20.16676603103943 4320 4328 3422 3428 51.0 2.3942274042489413 1.6746026933810028 30.19332383407273 0.7146977489997309 -0.005667590536177158 0.004976734984666109 0.0 0.012687745371295023 0.02450677315077637 -0.0066454889316855115 0.11449879520402935
129 2430.4463575219856 3460.910912972913 176.12512694263512 20.167064791559252 2406 2455 3424 3498 2772.0 12.445510236917542 8.373083242272013 89.35532059178799 0.7398431205326753 -0.013646780513226986 0.012069759890437126 0.0 0.7976629812083047 inf 1.7452715790913125 inf
130 2378.5014871999665 3468.4856673240342 176.1255880959855 20.167127868588757 2377 2380 3467 3470 14.0 1.1854013602523235 0.8813273216226534 -44.940986676208425 0.6687533694982365 -0.005796839948743582 0.004815223626792431 0.0 -0.003872179007885279 0.012517466459732042 0.11996427631184513 0.05300599290122355
131 2827.1030745047515 3493.5763048600156 176.12160560451943 20.167337314185623 2820 2834 3487 3501 173.0 3.593618450823095 3.3236643048621706 42.610235420816764 0.38026013738095443 -0.006650460883975029 0.008008522912859917 0.0 0.1466761252086144 0.04610909842889119 0.3250728181451515 inf
132 7952.587835673828 3493.9378299596738 176.0761034865589 20.167338046328975 7949 7956 3492 3496 33.0 1.970245092196598 1.2882643899121002 9.495841444476879 0.7566155855214652 nan nan nan nan nan nan nan
133 4313.092978296691 3531.6365759716778 176.10841354820258 20.167655025683008 4312 4314 3530 3533 11.0 1.0849230774647884 0.7651994329488512 -74.9985348868948 0.7089060354286458 -0.006686293054372072 -0.00038464521639980376 0.0 -0.03824524526135065 0.011040145454604194 0.00673845950497539 0.05250205306056506
136 6658.4475078197365 3590.111716897984 176.0875922707123 20.16814117476066 6652 6665 3583 3597 169.0 3.3793683247405712 3.038023195228983 -72.86999220023253 0.4379661990485016 -0.0064011793583631516 0.008797900751233101 0.0 0.15580950319235853 0.044270914636766225 0.213471577985007 0.09217289882265109
137 2000.4213993049632 3631.9898127153497 176.12894472891014 20.168490032610407 1996 2005 3627 3637 87.0 2.4306977347316017 2.268298097220965 80.51401149414991 0.35938843819814636 nan nan nan nan nan nan nan
138 5220.5451243017105 3642.64301056513 176.10035747019612 20.168579927192706 5195 5243 3631 3657 936.0 11.541594541625905 5.189248135043927 6.877914263852691 0.8932235830337598 -0.007749616168439388 0.016324259340763092 0.0 2.5577906584646826 inf 3.968995490205771 inf
139 1663.9737785258249 3649.938221907882 176.13193162884556 20.168639219512876 1659 1668 3647 3653 49.0 2.2618694295639217 1.6056009375433675 -2.2581423438837995 0.7043471204965158 nan nan nan nan nan nan nan
140 2227.2367475407364 3668.338297603636 176.12693117044014 20.16879316649922 2224 2230 3665 3671 36.0 1.6917507905924014 1.5680361662747788 24.13172407471319 0.3753779351701897 -0.005736786872148514 0.003821104299277067 0.0 -0.025072205873584608 0.020936218512292173 0.043294835507041184 0.06501190411300113
143 8121.510998728364 3720.7850776298114 176.07460344933423 20.169228165497124 8115 8127 3716 3726 100.0 3.386723252744958 2.317755926426036 31.57058243051212 0.7291392976136352 nan nan nan nan nan nan nan
144 2294.435251971806 3730.970184787855 176.1263346642274 20.169315162566473 2289 2300 3724 3738 140.0 3.5165742048293622 2.6748332920003692 -89.81872931953298 0.6491784976969343 -0.006918695755302906 0.00923897884786129 0.0 0.10720669997681398 inf 0.38224747981188656 inf
145 8046.850612126235 3729.460431038946 176.07526624887265 20.169300582876954 8045 8048 3728 3731 13.0 1.0835975135575457 0.9291079160288448 75.73578206266403 0.514602308535278 nan nan nan nan nan nan nan
146 2121.217330349236 3751.9612540519934 176.12787246954122 20.169489919823167 2118 2124 3749 3755 42.0 1.7775881452091473 1.67891163299811 63.613129506056396 0.32854436037965457 nan nan nan nan nan nan nan
147 5861.130966788676 3788.9338935476435 176.09467044346806 20.169798689736698 5858 5864 3786 3792 43.0 1.8213500433749987 1.6779358053443756 47.54363377202065 0.38894878996391763 -0.003929188009351492 0.004651771858334541 0.0 -0.0040458055373164825 0.022576465869542685 -0.12216669848828741 0.05855168487614187
148 2760.1526429078967 3801.8689817056247 176.1222002035858 20.16990637213018 2754 2767 3793 3811 163.0 4.870268659228059 2.3445231964771587 -63.08869033955186 0.8765037429579218 -0.005878760479390621 0.011374502442777157 0.0 0.37898914337711176 0.046805160348442225 0.6107832295564987 0.11620070667414255
149 5716.468983822422 3814.341960931854 176.0959547022234 20.17001051369616 5711 5722 3808 3820 117.0 2.671852750952573 2.5553158423942355 85.41534720209083 0.29211407317087307 -0.007257903926074505 0.00868176855146885 0.0 0.05947139855697969 0.04035035585802925 0.07727112006202361 0.0650815466086613
150 2616.7605118469687 3811.395538257418 176.1234732137493 20.169985651449473 2614 2619 3809 3814 27.0 1.4716038529066426 1.3801878608391807 -33.50718917193623 0.3469597318688793 -0.004437847062945366 0.006464142352342606 0.0 0.01942539738593041 0.018399891139486747 0.12137906244413749 0.061274506934846026
151 7328.90592104726 3828.643449192332 176.08163983149518 20.170128161942827 7328 7330 3827 3830 11.0 1.079313829336488 0.7637560405358462 74.8959352656027 0.7065820656594662 -0.003053137566894293 0.007364127319306135 0.0 0.01906116330064833 0.011804518653978975 -0.031955507906376246 0.04817662879278501
152 6019.450887201408 3933.7294560308724 176.09326480490716 20.17100521012731 6010 6029 3924 3944 322.0 3.535958620761577 3.46785540233297 66.1027660437649 0.1953187547621624 -0.00782560370862484 0.007984193973243237 0.0 -0.11706692302050214 0.06298518757625478 -0.05765547682212338 0.07636718983568683
153 1725.9778496624335 3970.814157904106 176.13138158116416 20.171313259802563 1722 1730 3967 3975 63.0 2.4418799334750463 1.8724400130094634 44.385538672878965 0.6418829256773497 nan nan nan nan nan nan nan
154 7248.403328077568 3979.804060342711 176.08235431084867 20.17138793745495 7241 7256 3972 3987 206.0 3.0828455144553075 3.0211591092227317 80.91616824741709 0.19904459825223855 -0.007167680189013481 0.007901339791715145 0.0 -0.025789312746383075 inf -0.1440068953985085 inf
155 4399.833046070266 4001.4003785353125 176.10764349890528 20.171569725315717 4385 4413 3987 4015 603.0 3.889858104028266 3.8204575543061097 -32.08348896207389 0.18805451947422652 -0.015529789961874485 0.14774325489997864 0.0 1.5971310534982877 inf 1.6392471600203606 inf
156 4636.093297965776 4022.260293602598 176.10554601013555 20.171743544513028 4631 4641 4017 4027 96.0 2.473181387750288 2.349656410768975 44.20953807248102 0.31208489508539816 -0.005550262983888388 0.0065591586753726006 0.0 0.06258276091102744 inf 0.05975868718395144 inf
157 1009.4429866674948 4062.6418562102863 176.13774301557632 20.172077526184346 1008 1011 4061 4064 11.0 0.9932208217972315 0.858802327014866 18.18272187245934 0.5023505751171102 nan nan nan nan nan nan nan
158 4800.200814642607 4211.021427602916 176.1040890476271 20.173316530003326 4787 4814 4200 4221 450.0 6.4620459113481825 4.588360367279445 22.574806601711234 0.7041536528859889 -0.007634515408426523 0.018396815285086632 0.0 1.2270769646625013 0.08102426109748517 2.0514195770673638 inf
159 3703.2019323012696 4233.825606912524 176.11382817079877 20.1735064971155 3695 3711 4225 4242 239.0 3.3668550368902714 3.1770624324711942 82.45083837391851 0.33100467801609385 -0.010136888362467289 0.012235479429364204 0.0 -0.10441079740485293 0.05607523807781801 -0.04152347700016197 inf
160 1630.9840783994798 4242.391540384888 176.1322252769207 20.17357628974609 1628 1634 4240 4245 36.0 1.8774900329750472 1.4257553384186235 25.549830603859544 0.6506306240066487 nan nan nan nan nan nan nan
161 6140.286807515022 4298.697674081771 176.09219174101048 20.174046520927963 6119 6161 4276 4322 1385.0 4.455123253854016 4.276770719373708 -77.27295583650728 0.28011356826842687 -0.009333384223282337 0.15283682942390442 0.0 1.8104854649502613 0.13713720079936587 1.5895596297216246 0.10053198504091182
162 3372.0632090294043 4316.784432923085 176.11676805182304 20.174197694921457 3352 3392 4294 4340 1253.0 4.7290771572956904 4.452954035125071 -65.32602381261489 0.33670097172744523 -0.011298323050141335 0.013774332590401173 0.0 0.0957422053825212 0.1259439707824462 -0.03081158524485042 0.10093666818037879
163 4091.499716294489 4300.502569751794 176.1103808826143 20.174062223711623 4090 4093 4299 4302 12.0 0.9534633613136771 0.9472498291746831 20.253374660804425 0.11397866338275627 -0.0033064528834074736 0.005619028117507696 0.0 0.014912504790117964 0.012644715404836764 0.044933431459388905 0.05425818642465897
164 5958.537550417075 4306.079497951048 176.0938053061974 20.174108170405876 5953 5963 4302 4310 81.0 2.6183990036321734 2.1950554181163584 14.40487265338508 0.5451789724714091 -0.005750356707721949 0.008869390934705734 0.0 0.10700576065573841 0.032223347975815705 0.12324025120854837 inf
165 8002.524110086095 4309.385223706981 176.0756587738604 20.1741333604337 7995 8010 4302 4316 194.0 3.001428455494249 2.9038431558593776 5.098932794789514 0.25292056493089105 nan nan nan nan nan nan nan
166 5374.003130996617 4305.2854449345705 176.0989948078188 20.17410188543366 5373 5375 4304 4306 7.0 0.7530075393953458 0.6960099103721173 0.3359559072970886 0.381650537512967 -0.002658139681443572 0.0010758296120911837 0.0 -0.006083687929276493 0.009421889272678579 0.04494385447347034 0.03950030596082236
167 7734.371990085964 4307.5664668020245 176.0780394332354 20.17411861946415 7732 7737 4305 4310 31.0 1.5319810992535583 1.4646029493251707 62.23325196836868 0.29330493171876776 nan nan nan nan nan nan nan
168 3530.459180759804 4315.006471554308 176.1153618095633 20.17418294481543 3528 3533 4313 4317 26.0 1.4921113772083343 1.2691426631156453 0.5556112220546979 0.5258645622752951 -0.0070150974206626415 0.007324930280447006 0.0 0.013488672728271922 0.018238297174809202 0.08214073502695848 0.0465728097482242
