Data/Catalogs/Detection-F814W_Analysis-F475W_Catalog.ecsv
# %ECSV 1.0
# ---
# datatype:
# - {name: label, datatype: int64}
# - {name: xcentroid, datatype: float64}
# - {name: ycentroid, datatype: float64}
# - {name: sky_centroid.ra, unit: deg, datatype: float64}
# - {name: sky_centroid.dec, unit: deg, datatype: float64}
# - {name: bbox_xmin, datatype: int64}
# - {name: bbox_xmax, datatype: int64}
# - {name: bbox_ymin, datatype: int64}
# - {name: bbox_ymax, datatype: int64}
# - {name: area, unit: pix2, datatype: float64}
# - {name: semimajor_sigma, unit: pix, datatype: float64}
# - {name: semiminor_sigma, unit: pix, datatype: float64}
# - {name: orientation, unit: deg, datatype: float64}
# - {name: eccentricity, datatype: float64}
# - {name: min_value, datatype: float64}
# - {name: max_value, datatype: float64}
# - {name: local_background, datatype: float64}
# - {name: segment_flux, datatype: float64}
# - {name: segment_fluxerr, datatype: float64}
# - {name: kron_flux, datatype: float64}
# - {name: kron_fluxerr, datatype: float64}
# meta: !!omap
# - {date: '2025-03-07 10:22:20 CST'}
# - version: {Python: 3.12.5, astropy: 6.1.2, bottleneck: null, gwcs: 0.21.0, matplotlib: 3.10.0, numpy: 1.26.4, photutils: 1.12.0, scipy: 1.14.0,
#     skimage: 0.24.0, sklearn: 1.5.1}
# - {localbkg_width: 0}
# - {apermask_method: correct}
# - kron_params: !!python/tuple [2.5, 1.4, 0.0]
# - __serialized_columns__:
#     area:
#       __class__: astropy.units.quantity.Quantity
#       unit: !astropy.units.Unit {unit: pix2}
#       value: !astropy.table.SerializedColumn {name: area}
#     eccentricity:
#       __class__: astropy.units.quantity.Quantity
#       unit: !astropy.units.Unit {unit: ''}
#       value: !astropy.table.SerializedColumn {name: eccentricity}
#     orientation:
#       __class__: astropy.units.quantity.Quantity
#       unit: &id001 !astropy.units.Unit {unit: deg}
#       value: !astropy.table.SerializedColumn {name: orientation}
#     semimajor_sigma:
#       __class__: astropy.units.quantity.Quantity
#       unit: !astropy.units.Unit {unit: pix}
#       value: !astropy.table.SerializedColumn {name: semimajor_sigma}
#     semiminor_sigma:
#       __class__: astropy.units.quantity.Quantity
#       unit: !astropy.units.Unit {unit: pix}
#       value: !astropy.table.SerializedColumn {name: semiminor_sigma}
#     sky_centroid:
#       __class__: astropy.coordinates.sky_coordinate.SkyCoord
#       dec: !astropy.table.SerializedColumn
#         __class__: astropy.coordinates.angles.core.Latitude
#         unit: *id001
#         value: !astropy.table.SerializedColumn {name: sky_centroid.dec}
#       frame: icrs
#       ra: !astropy.table.SerializedColumn
#         __class__: astropy.coordinates.angles.core.Longitude
#         unit: *id001
#         value: !astropy.table.SerializedColumn {name: sky_centroid.ra}
#         wrap_angle: !astropy.coordinates.Angle
#           unit: *id001
#           value: 360.0
#       representation_type: spherical
# schema: astropy-2.0
label xcentroid ycentroid sky_centroid.ra sky_centroid.dec bbox_xmin bbox_xmax bbox_ymin bbox_ymax area semimajor_sigma semiminor_sigma orientation eccentricity min_value max_value local_background segment_flux segment_fluxerr kron_flux kron_fluxerr
[from data line 325]
424 1625.7166023120915 4402.94775349082 176.132272252039 20.174914251587204 1612 1639 4388 4415 514.0 5.983447161130731 5.635892330518844 85.21573052355315 0.3358543091554009 -0.005235919263213873 0.08250270783901215 0.0 5.177985166257713 0.15023249926876986 8.370064059312147 0.4193181384536999
425 3497.8228616065467 4478.790242362641 176.11565162456193 20.175547796824894 3493 3501 4475 4483 52.0 2.354137776720249 1.7856701162517872 41.35805771372748 0.6516450478670476 0.0006017677951604128 0.032736629247665405 0.0 0.7114476186688989 0.05341164473623795 4.74517313773762 inf
426 3487.2409041388755 4487.144348855833 176.11574557571336 20.175617410147265 3475 3499 4479 4496 318.0 5.757661549382636 4.0012539938843 -6.686457111889808 0.719063585155179 -0.0031072846613824368 0.026855170726776123 0.0 2.752855516213458 0.13041677438104607 16.659141595032075 inf
427 967.818551399212 4759.586338844775 176.13811368442677 20.17788533300332 937 1001 4717 4797 3813.0 15.331332000580401 10.467923169820244 69.4428496428238 0.7306242540340265 -0.009622287005186081 3.1624279022216797 0.0 101.27814136647828 0.46317587598709303 128.50492492387443 0.7572663499000004
428 974.8592588674771 4797.155435700007 176.13805123635012 20.17819841948731 939 998 4783 4817 1089.0 12.32497641363798 6.814591252334436 -6.524780148397116 0.833241597497693 -0.005032459739595652 0.10902173072099686 0.0 14.261823819513666 0.2270775557288075 41.90855165536894 0.7300658861508832
429 990.2091049502061 4816.024001595647 176.13791498718908 20.178355680813276 979 999 4804 4825 246.0 5.613781031300316 3.50877334730982 -42.49253526031439 0.7806019007332866 -0.0032964993733912706 0.01757805235683918 0.0 1.9238861352205276 0.10617518999070505 11.293979383173722 0.42459321144885187
430 5256.647445442379 4746.156412494229 176.10003651130057 20.177775858467992 5249 5267 4736 4755 224.0 4.655673631338335 4.036456970164309 -44.48879367645539 0.49831264762394445 -0.001064215786755085 0.026896363124251366 0.0 2.561758845462464 0.1105005460551888 20.322871386299965 0.4869843358565865
431 5265.766569583876 4751.4903984262155 176.09995554752223 20.177820304812887 5258 5272 4745 4756 110.0 3.9213287204132823 2.2503873262727736 -35.342969906204914 0.818936686524616 -0.002199747134000063 0.024220850318670273 0.0 1.1563254005741328 0.08151041974293659 12.452176951309168 0.3465698535587606
432 1171.0941470050434 5365.397185260764 176.13630988406726 20.182934056711822 1168 1175 5362 5369 44.0 1.972886833993865 1.737497562965541 15.835186232322677 0.4736969734091239 -0.003067073645070195 0.023461243137717247 0.0 0.5192648617085069 0.04429841878713631 2.8804272526047487 0.1545647816835205
433 1175.910972100176 5376.483853369521 176.13626713475287 20.183026452502656 1170 1182 5366 5385 162.0 4.607913181741063 2.491793867760999 60.33641443664484 0.8411743130669096 -0.0029196878895163536 0.034853432327508926 0.0 1.7495368288193731 0.08625276563030536 5.8653495113625524 0.2713493894373404
434 7293.426146535943 5375.262121158149 176.08195268285374 20.18301669563861 7287 7300 5369 5381 130.0 3.5729028881614395 2.737526005136915 56.651232584532586 0.6426129201096225 -0.002797856228426099 0.013986642472445965 0.0 0.6483833763049915 0.07097910012114912 2.8605606599615245 0.25670734300602654
435 7302.932331777293 5375.203015600392 176.08186828213826 20.183016190776616 7299 7308 5370 5381 93.0 2.8699220530027842 2.414299287833393 -66.02016320441685 0.5406585889133642 -0.0011763955699279904 0.023250559344887733 0.0 1.1638399117509834 0.06450525445088287 4.189457763665538 inf
436 1732.306823464426 5770.834044058202 176.13132766355267 20.186313431574202 1620 1906 5604 5939 26010.0 14.820297284026896 12.377815014842586 -0.26842085044597447 0.5499562928548009 -0.016484923660755157 49.99287033081055 0.0 9106.913051601077 inf 8814.834016333727 inf
437 1673.9882656027064 5757.765872664149 176.13184543979324 20.1862044603273 1557 1696 5716 5783 5014.0 26.783592109623296 6.883512954280583 18.010562634021923 0.966410114468528 -0.005942959804087877 0.20907358825206757 0.0 112.20085068420667 inf 152.26333872054545 inf
438 1786.9994218021645 5806.3706819320905 176.1308421081765 20.186609634299906 1770 1818 5793 5831 877.0 13.015240486593115 5.592753301427447 28.449242842425246 0.9029678909716851 -0.004888412542641163 0.07738721370697021 0.0 12.431640711316504 0.21564109470663 25.312762950403062 inf
439 3973.767829934674 5833.088669161386 176.11142640987384 20.186833755567164 3970 3978 5832 5834 23.0 2.3896926042491935 0.7298851824546972 6.287516147703779 0.9522143481431922 -0.018790315836668015 0.005052444990724325 0.0 -0.07219728803102043 0.13331672020357346 -0.45773370817296444 inf
440 3985.6677376528496 5835.248079219673 176.11132075418703 20.186851752827497 3979 3990 5833 5838 37.0 3.259627687348443 0.9859111358983159 14.691539569984164 0.9531616751964364 -0.012453166767954826 0.020617596805095673 0.0 0.0028793940218747593 0.1281854774025039 -0.5480781982839046 inf
441 4025.0309486510278 5842.3490369234705 176.1109712599432 20.18691093422499 4017 4034 5836 5849 173.0 3.2689113175733713 2.728996911370931 -10.61639131476607 0.5505024135109577 -0.01837986707687378 0.030780643224716187 0.0 0.18834184257138986 0.12708693826252201 0.46917692370535957 inf
442 4015.998206279502 5841.889142584413 176.1110514592076 20.186907100283797 4011 4019 5837 5847 83.0 2.2947074713737408 2.1103071460156513 89.08000480491435 0.39275994340174264 -0.015482216142117977 0.019845817238092422 0.0 -0.016100238951821666 inf 0.09752880844432356 inf
443 6875.61424401867 6397.548153210678 176.08566102612633 20.191536246354083 6868 6884 6393 6402 130.0 4.076731457717166 2.421780636433924 0.08241363837957279 0.8044284237053081 -0.0021038614213466644 0.019243009388446808 0.0 1.2324071908951737 0.07453636512297676 6.268180199841156 0.2772594551558713
444 6878.916656447129 6409.498497000904 176.0856316898957 20.19163582887519 6869 6888 6398 6420 327.0 5.095514748042458 4.775498123486446 -53.43849098837234 0.34880208012468356 0.0011329249246045947 0.03129272162914276 0.0 3.8391100470907986 0.12079504362394375 13.326345284701995 0.4099656274760573
445 2572.3291028250924 6838.94746145122 176.1238702773092 20.195215213364826 2564 2581 6835 6844 108.0 4.467119398787721 2.029383327468845 -2.2820018873909973 0.8908520705547891 -0.007287975866347551 0.016140103340148926 0.0 0.391854516499734 0.06982349191004382 1.7681740547637337 0.29050027313890026
446 2574.773111087712 6845.993594099589 176.12384858251872 20.19527393310638 2568 2580 6842 6852 95.0 2.9735261003860383 2.51227626719858 17.314003092832003 0.5349539947362176 -0.011386871337890625 0.01506710983812809 0.0 0.24794185855353135 0.07166891424282387 1.9002776935439316 0.3044905565525991
447 2568.4759349927426 6852.670740932153 176.12390450225843 20.195329570881146 2564 2574 6846 6858 101.0 3.0312817650453714 2.4596542918984086 65.98958852929023 0.5844581685782594 -0.006610794458538294 0.03077644482254982 0.0 0.6230631277503562 0.07354117228945543 2.089211502122347 0.2760322692916634
448 6959.057846360442 7340.539479934873 176.0849189808991 20.199394411726786 6942 6979 7320 7361 959.0 8.96551912825649 7.628324050822569 55.56516245513682 0.5254064909711496 0.0013399318559095263 0.054462287575006485 0.0 18.20884565578308 inf 49.982267453852586 inf
449 6941.004010287777 7341.980845216768 176.08507928723193 20.199406443708355 6933 6948 7330 7353 222.0 6.373574044235598 2.725565627393125 67.48523442736038 0.9039513257622699 0.0023711267858743668 0.04588044062256813 0.0 4.637150505091995 0.24928094414554972 25.600081552922955 inf
450 6979.013376396256 7348.504780027063 176.08474177704554 20.199460766262334 6972 6985 7341 7355 128.0 3.33578992328398 3.0918251016861076 59.503897271892825 0.37539617240299417 0.0035871013533324003 0.04088665917515755 0.0 2.5324073813389987 0.11190804497536849 12.037825886683185 inf
