Data/Catalogs/Detection-F475W_Analysis-F814W_Catalog.ecsv
# %ECSV 1.0
# ---
# datatype:
# - {name: label, datatype: int64}
# - {name: xcentroid, datatype: float64}
# - {name: ycentroid, datatype: float64}
# - {name: sky_centroid.ra, unit: deg, datatype: float64}
# - {name: sky_centroid.dec, unit: deg, datatype: float64}
# - {name: bbox_xmin, datatype: int64}
# - {name: bbox_xmax, datatype: int64}
# - {name: bbox_ymin, datatype: int64}
# - {name: bbox_ymax, datatype: int64}
# - {name: area, unit: pix2, datatype: float64}
# - {name: semimajor_sigma, unit: pix, datatype: float64}
# - {name: semiminor_sigma, unit: pix, datatype: float64}
# - {name: orientation, unit: deg, datatype: float64}
# - {name: eccentricity, datatype: float64}
# - {name: min_value, datatype: float64}
# - {name: max_value, datatype: float64}
# - {name: local_background, datatype: float64}
# - {name: segment_flux, datatype: float64}
# - {name: segment_fluxerr, datatype: float64}
# - {name: kron_flux, datatype: float64}
# - {name: kron_fluxerr, datatype: float64}
# meta: !!omap
# - {date: '2025-03-07 10:22:20 CST'}
# - version: {Python: 3.12.5, astropy: 6.1.2, bottleneck: null, gwcs: 0.21.0, matplotlib: 3.10.0, numpy: 1.26.4, photutils: 1.12.0, scipy: 1.14.0,
#     skimage: 0.24.0, sklearn: 1.5.1}
# - {localbkg_width: 0}
# - {apermask_method: correct}
# - kron_params: !!python/tuple [2.5, 1.4, 0.0]
# - __serialized_columns__:
#     area:
#       __class__: astropy.units.quantity.Quantity
#       unit: !astropy.units.Unit {unit: pix2}
#       value: !astropy.table.SerializedColumn {name: area}
#     eccentricity:
#       __class__: astropy.units.quantity.Quantity
#       unit: !astropy.units.Unit {unit: ''}
#       value: !astropy.table.SerializedColumn {name: eccentricity}
#     orientation:
#       __class__: astropy.units.quantity.Quantity
#       unit: &id001 !astropy.units.Unit {unit: deg}
#       value: !astropy.table.SerializedColumn {name: orientation}
#     semimajor_sigma:
#       __class__: astropy.units.quantity.Quantity
#       unit: !astropy.units.Unit {unit: pix}
#       value: !astropy.table.SerializedColumn {name: semimajor_sigma}
#     semiminor_sigma:
#       __class__: astropy.units.quantity.Quantity
#       unit: !astropy.units.Unit {unit: pix}
#       value: !astropy.table.SerializedColumn {name: semiminor_sigma}
#     sky_centroid:
#       __class__: astropy.coordinates.sky_coordinate.SkyCoord
#       dec: !astropy.table.SerializedColumn
#         __class__: astropy.coordinates.angles.core.Latitude
#         unit: *id001
#         value: !astropy.table.SerializedColumn {name: sky_centroid.dec}
#       frame: icrs
#       ra: !astropy.table.SerializedColumn
#         __class__: astropy.coordinates.angles.core.Longitude
#         unit: *id001
#         value: !astropy.table.SerializedColumn {name: sky_centroid.ra}
#         wrap_angle: !astropy.coordinates.Angle
#           unit: *id001
#           value: 360.0
#       representation_type: spherical
# schema: astropy-2.0
label xcentroid ycentroid sky_centroid.ra sky_centroid.dec bbox_xmin bbox_xmax bbox_ymin bbox_ymax area semimajor_sigma semiminor_sigma orientation eccentricity min_value max_value local_background segment_flux segment_fluxerr kron_flux kron_fluxerr
[from data line 215]
260 1338.519432679425 6093.412424721351 176.13482445142225 20.189001083332435 1321 1354 6085 6102 488.0 7.36484374224808 3.8161162535670687 6.068320707825906 0.8552879140774314 0.03763023763895035 0.9913787245750427 0.0 93.58322306722403 0.4418379133250499 157.60063338236392 0.7762752721429708
261 1273.366278442351 6102.993895050466 176.1354029509625 20.18908083934205 1272 1275 6101 6105 16.0 1.254622942803246 0.9808250985669192 -63.70201457787494 0.6235683689831572 -0.004956364631652832 0.018088728189468384 0.0 0.12042929546441883 0.04659247708443785 1.0305931485794957 0.17116690490361117
262 5826.762028897763 6236.411367409862 176.09497389466327 20.19019435668243 5825 5829 6234 6238 17.0 1.262642170422213 1.0467855529634407 -48.72567713954113 0.5591838000064289 -0.0009306123247370124 0.04503122344613075 0.0 0.3951184522593394 0.05115708285802372 1.4336295165375277 0.1758713308279047
263 6236.484189093915 6242.720431431726 176.09133599734434 20.190246632482 6235 6238 6241 6244 14.0 1.0365990987314648 1.014974919995416 -7.214063401949929 0.20319011659632313 0.010879617184400558 0.024180468171834946 0.0 0.26132606342434883 0.0449919021213869 1.0008316587696056 0.13653692605436585
264 3834.8087653875923 6295.137171710526 176.1126603120788 20.19068412940191 3822 3847 6282 6306 475.0 3.4506021210978908 3.386589473479411 1.3044900554615424 0.19172417835934713 0.03579498082399368 42.45082473754883 0.0 749.7743229009211 inf 746.9674202185032 inf
265 1933.7215392781418 6313.252364035691 176.12953999462695 20.19083381316151 1929 1941 6310 6316 59.0 3.374368012599533 1.4520687664784735 13.356947801125083 0.9026748930758262 -0.0065460242331027985 0.04614872857928276 0.0 0.9374739174090791 0.09342977161378041 3.414396232251263 0.32324562965213155
266 2544.2021641239367 6331.401762521448 176.1241195776422 20.190985643524037 2543 2545 6331 6332 5.0 0.7706399423652953 0.44747254806860787 18.6166732931548 0.8141528578666632 0.0010870436672121286 0.008006112650036812 0.0 0.02684187446720898 0.028260791128150973 0.15969658582595386 0.1159166378415075
267 1239.4512936960436 6348.220353743251 176.13570444398417 20.19112434539819 1237 1242 6343 6353 52.0 2.7844736241754875 1.3947171301104702 75.58205609327182 0.8655105078762447 0.0056709363125264645 0.04436171427369118 0.0 0.8608514564111829 0.08597932341611758 2.9057789559036964 0.2547617096729003
268 6873.830230517632 6396.04074464467 176.0856768681577 20.191523686593673 6869 6878 6393 6400 50.0 2.560615694780877 1.5791338848895187 28.97048397341044 0.787197597229545 0.009162848815321922 0.04349260404706001 0.0 1.3322913385927677 0.08834158097795776 10.215314445994334 0.35492202143975915
269 6878.641324009768 6410.820426695063 176.08563413301286 20.191646845259555 6872 6887 6402 6419 201.0 4.48525786317776 3.366772672103521 -64.30968838794303 0.6607218861016385 0.002650582231581211 0.06750866025686264 0.0 5.656443377956748 0.18064779560377753 25.61354932327989 0.6184466107904845
270 1940.7165153741237 6415.278757134853 176.12947800511648 20.191684040617744 1935 1946 6410 6420 105.0 2.6222966550275792 2.398193294412352 29.531198297813482 0.4044971021306749 -0.006302576046437025 0.18529236316680908 0.0 4.325028262333944 0.1398329580478834 5.529141135024716 0.2141505234074781
271 4952.352144900084 6466.519194703475 176.10273765222706 20.192112311171957 4947 4958 6459 6474 153.0 3.417060228203593 2.7519757229212685 -83.76202796873635 0.5927812141931859 -0.0059967017732560635 0.0890127643942833 0.0 3.8404377501719864 0.1604525908300698 5.516983948925176 0.30749757396280175
272 3371.494984701648 6526.44717692286 176.11677416472713 20.1926115500247 3368 3375 6523 6530 56.0 2.128163394322455 1.8563043878937644 43.421403348671 0.48904863789528885 0.045912425965070724 0.33864763379096985 0.0 8.615510024130344 0.1461652559050623 16.08698050988361 0.30910836497444066
273 3861.44821787063 6579.391993306448 176.11242385299704 20.19305292579215 3859 3864 6577 6582 31.0 1.558204394048264 1.4717158246396236 -30.10143838881069 0.3285265921260603 -0.004551211837679148 0.03178064525127411 0.0 0.42166627722326666 0.07616374082643688 1.5219265954574661 0.21976088399028365
274 5539.509264121431 6606.970395397713 176.09752418802273 20.193282513770733 5534 5545 6601 6613 124.0 2.6276033296641588 2.5500451782237623 -82.17452260415014 0.24116828961337314 -0.006948976777493954 0.3862047493457794 0.0 5.543438666325528 0.15299326039738037 6.055771943355392 0.20372674222599715
275 4520.388425797038 6700.836509591891 176.10657305806512 20.19406502188682 4425 4609 6620 6785 13766.0 11.056743425889481 8.910208126613268 4.406904951737769 0.5921035536971333 -0.023409748449921608 107.1401596069336 0.0 9115.263195826978 inf 8842.948172112565 inf
277 1710.408770326639 6651.059418139718 176.13152320921895 20.193648615798573 1709 1712 6647 6655 27.0 1.8086609211568554 0.9354715379937644 -87.92389560709067 0.8558538401764577 -0.012279354967176914 0.011306148022413254 0.0 -0.005418135229774634 0.06768841909540194 0.022387611881210422 0.10150662728315403
278 4084.50671045747 6683.006587046731 176.1104433122765 20.193916422141513 4081 4088 6680 6686 44.0 1.8479054089035492 1.679206475346622 -3.1910408843511284 0.41743229927656156 -0.006615838035941124 0.121604785323143 0.0 1.2119765009265393 0.09097483651660719 2.0815637731032695 0.1965201938931353
279 2372.3625791841328 6736.912054678946 176.12564572423375 20.1943647474691 2365 2380 6729 6745 210.0 3.734586634416949 3.2037425600903133 -44.784565950001166 0.5138879084207819 -0.010252879001200199 0.2437177300453186 0.0 9.600465698284097 inf 11.913725896781397 inf
280 2311.92427414024 6748.193782835226 176.1261823767947 20.194458706668495 2305 2319 6736 6760 248.0 5.992985234829507 2.6829889450620636 68.6751677607477 0.8941897168864387 -0.0016691124765202403 0.13062123954296112 0.0 9.293200554209761 0.21748731188612483 15.45971854972709 inf
281 7143.599842585859 6777.203815292546 176.08328108614853 20.194699730035264 7143 7144 6776 6778 5.0 0.7707686444347673 0.4476515463570966 -71.49958483636928 0.814056361809288 0.006059338804334402 0.012338738888502121 0.0 0.04557787301018834 0.03305625555979927 0.6506319730955834 0.14006903902755008
282 5985.561242053527 6793.624574879962 176.09356350673582 20.194837692183317 5970 6002 6777 6810 823.0 7.135107975150943 6.514206848793369 86.81484342784765 0.40800557718895686 0.0013599987141788006 0.2835390567779541 0.0 53.260616410989314 0.4240379499252239 64.48296248384965 0.6459920965241602
283 4881.9844834336545 6783.001669984494 176.10336237520147 20.19474968136009 4879 4885 6782 6784 19.0 1.8590791471489871 0.7673181333501119 -6.41202315853113 0.9108484453620129 0.0051773954182863235 0.04418070986866951 0.0 0.5348994378000498 0.05683244874104239 2.991276828844132 0.206536204958248
284 5281.387621465846 6798.619766852887 176.09981599482882 20.194879709044823 5280 5283 6797 6800 13.0 1.0739604681857162 0.9161883353887949 -44.67158092192485 0.5217586137640239 0.006972602102905512 0.03208329156041145 0.0 0.2234737672843039 0.044049297637978345 2.5135080997871837 0.19472120954130392
286 1634.0900489806124 6877.146320503776 176.13220114798224 20.195532580438808 1628 1640 6872 6882 96.0 3.1514030568971108 2.0628249755553956 39.463506491508454 0.7559983556207482 0.0016703775618225336 0.1173740029335022 0.0 4.581770635442808 0.1358027773010743 7.152048481605775 0.24419815815255683
288 5297.946378686361 6904.625479462454 176.09966892080325 20.19576308321793 5296 5300 6903 6907 19.0 1.4045338482877112 1.030329738070636 -34.57772058053158 0.6796094110983683 0.006767035461962223 0.03263583779335022 0.0 0.39879327919334173 0.055231896319562816 1.9970387117582218 0.31873240591765706
293 4698.672584535135 7044.401619459525 176.10498999695767 20.196928046655756 4692 4705 7038 7050 139.0 3.070017446882796 2.9662370966155964 -20.79732664195645 0.2578104370758565 0.0035979002714157104 0.11483034491539001 0.0 4.895900606177747 0.16071444275905986 7.302585128033087 0.4060222571891375
294 5708.600828615442 7086.771996776423 176.09602250698208 20.19728076683849 5706 5711 7084 7090 35.0 1.6683557272119447 1.5016995780769153 79.43645097673846 0.43566777152239755 0.003340058494359255 0.16554298996925354 0.0 1.906498756725341 0.08401457811392721 2.8450525429786193 0.15841901670501649
295 3872.5630360273803 7106.739654988455 176.11232529313358 20.197447491636183 3871 3874 7105 7109 16.0 1.2195250758218397 0.986717663094335 -61.500077190508726 0.5876710734054905 0.008207781240344048 0.0410086028277874 0.0 0.4148556152358651 0.053033732784819786 1.2312905891391872 0.15720394055365383
301 4990.37255859951 7217.833013776786 176.10239985375844 20.198373248958028 4986 4995 7212 7223 85.0 3.2131941849260306 1.94454247522082 -59.40963298581808 0.7960930169479716 -0.006404127459973097 0.05074252933263779 0.0 1.8364476351998746 0.11640779933107626 4.462554258965163 0.3399397900759495
304 2657.147811698515 7278.571438292083 176.1231175158203 20.198878812943896 2654 2660 7276 7281 36.0 1.7756133180217013 1.4954010415093606 -18.9867048467744 0.5391832730807735 -0.003119358094409108 0.04140579700469971 0.0 0.47708138020243496 0.07526078569036102 1.6852508997797897 0.18055604185911958
305 5503.994306315915 7317.1968157312795 176.09783915351326 20.19920108423561 5503 5505 7316 7319 10.0 0.9748396853204655 0.7724069658279398 89.93929547829309 0.6100764521045233 0.03765895217657089 0.04952414333820343 0.0 0.4506470412015915 0.043442882594987325 6.411216131645695 0.18364081091945453
308 6329.289178080233 7334.116632152614 176.0905109844132 20.199341520959656 6327 6332 7331 7337 33.0 1.6325937040967367 1.4614981685433148 -76.13806776058766 0.44566427706422984 0.012977473437786102 0.506506085395813 0.0 6.1446996331214905 0.11370747550308505 8.991956779335283 0.18698450910371078
311 4728.352346169071 7386.844559744537 176.10472640628637 20.199781733046137 4721 4736 7379 7395 209.0 3.881795556510232 3.3262253641047788 -59.44370404373525 0.5155191813586192 0.009364103898406029 0.20600660145282745 0.0 14.633806383237243 0.2226680994500579 22.646591080988973 0.44268893548706245
312 5991.899917751626 7386.4742086034585 176.09350677383438 20.19977810033833 5985 5999 7379 7393 167.0 2.892343847435006 2.830912659962929 -52.37416302719319 0.20500579568339025 -0.0038689717184752226 0.6551109552383423 0.0 11.178129911921133 0.19587097999071246 11.630760872477701 0.2402050050711864
313 5876.154212551543 7390.172331736972 176.09453453168888 20.199808997703034 5874 5878 7388 7392 19.0 1.2902041070968913 1.1060435685808607 -43.83298465004167 0.5148796419230581 0.005604349542409182 0.04066084697842598 0.0 0.4091215073131025 0.053264259453650965 1.0957431948139944 0.1588047323635146
314 5424.3881474714535 7400.077223527292 176.09854597070432 20.19989179227954 5419 5430 7395 7405 93.0 2.817208882527973 2.371015972805325 -18.11336209420546 0.5400720204523283 0.007496084552258253 0.06935662031173706 0.0 2.6984205250628293 0.12475169081371833 5.889185763447467 0.3345350797270465
317 3957.877955640809 7420.815610862888 176.11156781764933 20.200064808863523 3952 3963 7416 7426 99.0 2.8091962298052704 2.436103933695027 -32.381561161273744 0.4979792385413406 0.005107315257191658 0.11625306308269501 0.0 3.4667673581279814 0.13927247390768002 7.230272200749992 0.3675833591551557
318 5357.964072849431 7431.692262418075 176.09913576718046 20.20015528052793 5353 5366 7428 7435 73.0 3.56762573590246 1.7162772148513137 14.276319019818215 0.8766822624999434 -0.006726875435560942 0.06354530155658722 0.0 1.6272645951248705 0.10776739612664558 3.5097853125721694 0.3488108512668113
319 5372.983937854985 7433.6200664818325 176.09900239752085 20.200171339026742 5370 5376 7431 7436 30.0 1.5756698888413696 1.4350123557433585 35.99842856717781 0.41299873662335085 -0.005955501925200224 0.020421473309397697 0.0 0.24989886383991688 0.06453321668503532 1.1056306094054724 0.22401378288401103
322 5554.517530272605 7467.4959575832045 176.09739045269225 20.200453551158375 5552 5557 7466 7469 20.0 1.4717499538228487 1.0059008452093283 -0.020705556957619588 0.7299761180090885 -0.011609501205384731 0.01568334549665451 0.0 0.0372672219236847 0.049833888660600775 -0.027690972138947036 0.22457670820984557
323 5565.687198863698 7468.1635962100345 176.09729127115602 20.200459108985516 5564 5568 7466 7471 23.0 1.4073239724006206 1.2308056541567973 87.53027518271841 0.4848963004017729 -0.01701846346259117 0.012179620563983917 0.0 0.029646658927958924 0.0536617351985054 -0.07554886722206612 0.15764086966931953
326 3264.185372888681 7516.042648254216 176.11772750225683 20.20085812626185 3254 3269 7508 7520 7.0 4.220018759387919 2.3602227765125066 -44.17052816141979 0.8289707153638008 0.0061735473573207855 0.07946306467056274 0.0 0.16510145459324121 0.09329486457070922 3.017690031302448 inf
329 4990.406838082157 7553.383241008801 176.10239945381434 20.201169500283118 4986 4995 7548 7558 84.0 2.552807405985871 2.291624152691409 -77.91134588265972 0.44063199092613137 -0.001741535379551351 0.10542823374271393 0.0 3.1347061994601972 0.12482578768938848 10.562116831022783 0.4089069239915665
330 5352.42705054883 7557.168391097428 176.0991848758279 20.20120091708509 5348 5357 7552 7562 89.0 2.597606585986405 2.2385193903317564 61.194991323078256 0.5073122923681701 -0.017326850444078445 0.07325614243745804 0.0 1.8969655223409063 0.12803893767928506 3.5361065582936906 0.28230063790478316
331 5849.714945890755 7609.700017268878 176.09476914634917 20.20163841201296 5848 5851 7607 7613 21.0 1.7151824194649579 0.9570521503215664 75.77168389954194 0.8298486480408612 0.013428322970867157 0.04383207857608795 0.0 0.5426447726786137 0.05793635210865165 3.499540575440359 0.2327707354745351
333 6086.624358387295 7642.569262827934 176.09266546488502 20.201912155609755 6083 6090 7637 7648 74.0 3.079527797160067 1.7330326370322329 65.61301862544151 0.8266208738597699 0.01778855361044407 0.11329811066389084 0.0 3.8832219503819942 0.12065958309773103 10.43779297100936 0.33880418155516706
335 6053.573095181037 7661.5868871823495 176.09295893157127 20.20207066053148 6051 6056 7658 7665 41.0 1.9871658431826136 1.523153477526238 -75.83365081872006 0.6422497972115392 -0.005273857153952122 0.03761029243469238 0.0 0.6421137193683535 0.07696915752924886 2.2867631544482263 0.24521053022984207
339 4910.45866744766 7711.037158166147 176.10310931860923 20.202483302592086 4907 4914 7707 7715 55.0 1.99379599127535 1.9126828919619496 65.81670558215406 0.28233031979107376 0.006724000442773104 0.12702688574790955 0.0 2.4567918931134045 0.10382148646144632 3.8412201151926375 0.1999909856398939
340 4202.868696367572 7724.777639032273 176.1093924527621 20.202597859067577 4183 4217 7712 7734 230.0 7.0151454194606915 5.428718474706024 5.612455630225123 0.6333605175865944 0.02259857766330242 0.5746914744377136 0.0 37.32593220286071 inf 95.32073613195456 inf
342 5927.747936088941 7811.018784852873 176.0940760996243 20.20331601581338 5925 5930 7808 7814 34.0 1.6860209478569825 1.4628500487560205 -88.27633307604503 0.497202438269642 -0.0009728114237077534 0.07970931380987167 0.0 1.0743108868482523 0.07955053087093183 1.8421239121371158 0.1746401894567429
347 5480.491923490993 7949.99481150203 176.09804751402962 20.204474411130455 5478 5483 7949 7951 10.0 1.623986720181615 0.4513390575261756 23.758731575609936 0.9606041041332113 0.11599280685186386 0.14348110556602478 0.0 1.318420946598053 0.05630172954767751 15.664595946751716 0.2232747130361071
348 5490.330122749347 7952.86195843125 176.0979601519085 20.204498299209 5486 5494 7951 7955 35.0 2.3448776288739257 1.1460890996360933 18.73431286237015 0.8724166809892026 0.09353988617658615 0.15103068947792053 0.0 4.382176078855991 0.10360029396121463 33.136464416908 0.3572596987208114
