Data/Catalogs/Detection-F475W_Analysis-F275W_Catalog.ecsv
# %ECSV 1.0
# ---
# datatype:
# - {name: label, datatype: int64}
# - {name: xcentroid, datatype: float64}
# - {name: ycentroid, datatype: float64}
# - {name: sky_centroid.ra, unit: deg, datatype: float64}
# - {name: sky_centroid.dec, unit: deg, datatype: float64}
# - {name: bbox_xmin, datatype: int64}
# - {name: bbox_xmax, datatype: int64}
# - {name: bbox_ymin, datatype: int64}
# - {name: bbox_ymax, datatype: int64}
# - {name: area, unit: pix2, datatype: float64}
# - {name: semimajor_sigma, unit: pix, datatype: float64}
# - {name: semiminor_sigma, unit: pix, datatype: float64}
# - {name: orientation, unit: deg, datatype: float64}
# - {name: eccentricity, datatype: float64}
# - {name: min_value, datatype: float64}
# - {name: max_value, datatype: float64}
# - {name: local_background, datatype: float64}
# - {name: segment_flux, datatype: float64}
# - {name: segment_fluxerr, datatype: float64}
# - {name: kron_flux, datatype: float64}
# - {name: kron_fluxerr, datatype: float64}
# meta: !!omap
# - {date: '2025-03-07 10:22:21 CST'}
# - version: {Python: 3.12.5, astropy: 6.1.2, bottleneck: null, gwcs: 0.21.0, matplotlib: 3.10.0, numpy: 1.26.4, photutils: 1.12.0, scipy: 1.14.0,
#     skimage: 0.24.0, sklearn: 1.5.1}
# - {localbkg_width: 0}
# - {apermask_method: correct}
# - kron_params: !!python/tuple [2.5, 1.4, 0.0]
# - __serialized_columns__:
#     area:
#       __class__: astropy.units.quantity.Quantity
#       unit: !astropy.units.Unit {unit: pix2}
#       value: !astropy.table.SerializedColumn {name: area}
#     eccentricity:
#       __class__: astropy.units.quantity.Quantity
#       unit: !astropy.units.Unit {unit: ''}
#       value: !astropy.table.SerializedColumn {name: eccentricity}
#     orientation:
#       __class__: astropy.units.quantity.Quantity
#       unit: &id001 !astropy.units.Unit {unit: deg}
#       value: !astropy.table.SerializedColumn {name: orientation}
#     semimajor_sigma:
#       __class__: astropy.units.quantity.Quantity
#       unit: !astropy.units.Unit {unit: pix}
#       value: !astropy.table.SerializedColumn {name: semimajor_sigma}
#     semiminor_sigma:
#       __class__: astropy.units.quantity.Quantity
#       unit: !astropy.units.Unit {unit: pix}
#       value: !astropy.table.SerializedColumn {name: semiminor_sigma}
#     sky_centroid:
#       __class__: astropy.coordinates.sky_coordinate.SkyCoord
#       dec: !astropy.table.SerializedColumn
#         __class__: astropy.coordinates.angles.core.Latitude
#         unit: *id001
#         value: !astropy.table.SerializedColumn {name: sky_centroid.dec}
#       frame: icrs
#       ra: !astropy.table.SerializedColumn
#         __class__: astropy.coordinates.angles.core.Longitude
#         unit: *id001
#         value: !astropy.table.SerializedColumn {name: sky_centroid.ra}
#         wrap_angle: !astropy.coordinates.Angle
#           unit: *id001
#           value: 360.0
#       representation_type: spherical
# schema: astropy-2.0
label xcentroid ycentroid sky_centroid.ra sky_centroid.dec bbox_xmin bbox_xmax bbox_ymin bbox_ymax area semimajor_sigma semiminor_sigma orientation eccentricity min_value max_value local_background segment_flux segment_fluxerr kron_flux kron_fluxerr
3 1924.3254073809073 416.51336272635046 176.12961652429738 20.141694318774853 1920 1931 408 421 2.0 3.8360370886694146 2.205067892327111 44.383737239172646 0.8182730980017546 nan nan nan nan nan nan nan
11 3539.994321863801 656.4973337413827 176.11527568082167 20.143695375512486 3538 3542 655 658 16.0 1.2151541829744992 0.991314159187671 -0.553584723034349 0.5783441350270422 nan nan nan nan nan nan nan
12 3879.7725555627253 702.8581717202633 176.1122597262912 20.144081818505946 3875 3889 699 710 2.0 3.868213349687793 2.1283738318314374 -46.60185493345751 0.8350187973347876 nan nan nan nan nan nan nan
16 2256.495719295994 849.0012287618446 176.12666856437056 20.145298722688786 2255 2258 848 850 12.0 1.1129559937280074 0.8142321470658033 0.3625020326271356 0.6817403686218027 nan nan nan nan nan nan nan
17 1959.7597064622664 883.5400652625681 176.1293025420511 20.145586245126132 1955 1965 879 888 86.0 2.6846500488278964 2.2140563572879803 -39.00733401506486 0.5655565988562355 nan nan nan nan nan nan nan
18 1950.488426989461 891.4394132100387 176.12938484662476 20.145652062965645 1947 1954 888 894 41.0 1.9092737390222834 1.6772708410109431 8.659729268876465 0.4777675207089677 nan nan nan nan nan nan nan
22 3429.0950409580264 1022.747849419589 176.11626022052334 20.146747417656044 3425 3433 1019 1027 61.0 2.361868729386077 1.9172966144987562 -31.827731543581713 0.583975849304081 nan nan nan nan nan nan nan
23 4014.699255495088 1038.3086520785714 176.1110621362973 20.146877265036093 4012 4018 1036 1041 32.0 1.6885445894100444 1.3991981207569917 2.8149694443192224 0.5597796576285557 nan nan nan nan nan nan nan
26 5567.261583376896 1122.5035147555443 176.097280834689 20.147578612116835 5562 5575 1118 1131 14.0 4.069634389523607 2.186808856909296 -57.4885893218721 0.8433607782773604 nan nan nan nan nan nan nan
27 4231.466155946875 1126.1286915205046 176.10913802056865 20.14760912429169 4230 4233 1124 1128 15.0 1.1419675702607193 1.0059458741858844 75.72253727096452 0.47332420069948994 nan nan nan nan nan nan nan
29 4074.8273142449057 1157.9502218701332 176.1105284299957 20.147874287133163 4065 4083 1147 1167 262.0 4.530593291714013 4.075090516663086 58.279803910758424 0.4370017020991803 nan nan nan nan nan nan nan
31 5200.839094655082 1197.4683424338114 176.1005333543597 20.148203480795452 5197 5205 1193 1201 66.0 2.197567718866783 2.000144401330054 6.6675877272228465 0.4142507291660366 nan nan nan nan nan nan nan
32 4212.04783994318 1201.0761427229017 176.109310393586 20.148233684795496 4205 4219 1197 1205 114.0 3.4754997002379397 2.1718287258603044 0.6331006825337717 0.780707345208523 nan nan nan nan nan nan nan
33 4974.703814182127 1204.4894235777592 176.10254064984278 20.1482620599296 4973 4977 1202 1207 24.0 1.5682752359943943 1.1778745216611064 72.1513190678871 0.6602298046012045 nan nan nan nan nan nan nan
35 2680.8521399043193 1213.329720197416 176.12290211611932 20.148335155215797 2679 2683 1211 1216 21.0 1.5310241343910949 1.0787792735419204 75.7287913322824 0.7095919506382253 -0.005577128380537033 0.00857087317854166 0.0 0.04060082428622991 0.023660965939503606 0.31062850635428807 inf
36 3093.4644716225966 1218.6700187900567 176.11923954920533 20.148379933507805 3090 3097 1215 1222 55.0 2.0181840268945375 1.9261446603809393 -24.41973572694139 0.29854691991495047 -0.005702677648514509 0.0072564915753901005 0.0 -0.012275644638066296 inf 0.05980198520887665 inf
39 5688.834310921769 1263.3308971894155 176.0962016079009 20.148752106453333 5686 5692 1260 1266 37.0 2.045314205763116 1.3708251968928402 44.3923995441113 0.7421559883875656 nan nan nan nan nan nan nan
40 5108.121421434697 1272.3329731974502 176.1013563404184 20.1488273840943 5107 5109 1271 1274 9.0 0.9634075266874552 0.6966887458696583 -69.61806927238919 0.6906903701005043 nan nan nan nan nan nan nan
42 4922.790607032515 1363.1382358911567 176.10300141928306 20.149584145990556 4918 4927 1359 1367 63.0 2.4875698749639557 1.8022990072482288 31.79128131939687 0.6892517146135995 -0.00491752102971077 0.011785945855081081 0.0 0.08571049313468393 0.03254764304613324 0.1881918035508758 inf
43 6270.3671941715575 1386.017993969366 176.09103948438104 20.149774087675087 6268 6272 1384 1388 17.0 1.14809033551541 1.1139721225956711 85.05868358242218 0.24197437261978177 -0.009027395397424698 0.004150456748902798 0.0 -0.00836341839749366 0.020019816936941624 -0.01551215495043542 inf
46 2386.686344178087 1445.86261373586 176.12551351170768 20.150272685995944 2384 2390 1443 1449 36.0 1.9207121751915537 1.4312450394292082 -53.23897489779453 0.666881565724461 -0.0030046741012483835 0.00596208730712533 0.0 0.05901231474717861 0.02172924425323693 0.33047782764256983 inf
47 5691.957163923544 1468.960712838546 176.09617376074937 20.150465686088154 5679 5705 1451 1493 730.0 9.241244511389985 5.257849899855294 -78.14975820570803 0.8223688344899655 -0.008952873758971691 0.01419801451265812 0.0 1.4219595843037496 0.10146734190680698 2.700396141438312 inf
48 2730.870512596227 1513.1308624020048 176.12245836195808 20.150833534982272 2730 2732 1512 1514 8.0 0.8530898897755584 0.6816573949907784 44.806601585694324 0.6012709399765114 -0.005649820435792208 0.00433881813660264 0.0 -0.002402709680609405 0.009689676122226914 -0.009525891255829116 0.02185158886301824
49 1901.0496099187117 1525.2089378390472 176.12982443294462 20.1509334199982 1899 1904 1524 1527 19.0 1.662318783573282 0.9485664584676674 -19.474429502036575 0.8212083326696553 nan nan nan nan nan nan nan
50 6293.706927589265 1531.5792337710818 176.0908321749735 20.150987078104095 6290 6297 1528 1535 47.0 2.17918388768115 1.6499281339314817 -56.080862725966085 0.6532628343001737 -0.0023539362009614706 0.007863989099860191 0.0 0.14754964279200067 0.023818541193381823 0.4695792277711508 inf
51 1800.060934612669 1547.7123482728339 176.1307209055364 20.151120834295813 1777 1827 1529 1566 1392.0 10.353945098852709 6.537093448745054 17.43437172119376 0.7754877804990706 nan nan nan nan nan nan nan
52 6220.1997154061 1531.4019694482593 176.09148467597197 20.150985661928356 6219 6221 1531 1532 5.0 0.771204909643334 0.4468589740617303 18.722991859974815 0.815022273292202 -0.0014606998302042484 0.004501785151660442 0.0 0.009901760960929096 0.007688648807007402 -0.00839704027490257 0.03073385876097181
53 1914.1679054262022 1538.4196707501633 176.12970800144467 20.151043523898064 1910 1920 1532 1545 85.0 3.9728464321571266 1.8415851511770107 64.92298034302188 0.8860744256212809 nan nan nan nan nan nan nan
54 1905.798417024898 1538.60047485169 176.12978229504657 20.151045021365576 1905 1907 1538 1539 5.0 0.7729453753645962 0.4476652956158292 18.385961663166416 0.8152081483810292 nan nan nan nan nan nan nan
55 1926.6061888028346 1551.533466607516 176.12959760593088 20.1511528191681 1923 1931 1548 1555 48.0 2.535458439834425 1.4897874794414534 32.077814155760215 0.8091652745184119 nan nan nan nan nan nan nan
57 3115.7964743285565 1651.604715616161 176.11904157991793 20.15198773469834 3115 3117 1651 1652 5.0 0.768692766506756 0.44848435697703276 18.16902761319674 0.8121578811956078 0.0012746418360620737 0.008114556781947613 0.0 0.025531856575980783 0.007698930902676762 0.11046766353054607 0.029559404774289526
58 7840.359939851022 1679.3567546936927 176.07710277281024 20.152216715770667 7834 7851 1674 1688 33.0 4.590610173624914 2.811952165418611 -49.272305297499294 0.7904362478058178 nan nan nan nan nan nan nan
60 7501.924566274844 1730.2872293510823 176.08010690723992 20.152641630156655 7500 7504 1729 1732 14.0 1.2823278820927186 0.850909057997283 36.19368029784753 0.7481178339254316 -0.0036980630829930305 0.00575857562944293 0.0 0.008952380856499076 0.012660310300853836 -0.0068866931497308 0.05168395878787126
61 2252.8024920942576 1758.9946515602055 176.12670226935055 20.152881995794125 2251 2254 1758 1760 10.0 0.974295389870582 0.7712865571733414 -0.31216079833992894 0.6109939927440392 -0.0031050932593643665 0.00931915920227766 0.0 0.0028588207242137287 0.009751481864550708 -0.037981686697750074 0.04454508126202259
64 7714.63207755546 1814.3238122531036 176.07821861604612 20.153341630361602 7712 7717 1812 1817 30.0 1.5775495975147584 1.4075977040447245 43.34950392057405 0.4515053124997687 nan nan nan nan nan nan nan
65 3296.2738474162197 1829.2843384582582 176.11743961980235 20.153468493055748 3290 3303 1820 1840 192.0 4.0357558604627055 2.885644847811029 77.26814959123257 0.6991043290639013 -0.003742506494745612 0.015912827104330063 0.0 0.522175645986863 0.04740327202602903 0.8089707568286942 0.09233479928200754
66 2354.2483688380507 1878.9762564154576 176.12580187054584 20.153881936481323 2351 2358 1876 1882 46.0 1.8803118814161783 1.723078230446583 -23.18169730587875 0.4003118998829302 -0.005628921091556549 0.005704563111066818 0.0 0.04019880067789927 0.02326812442119504 0.09106574888265659 0.05201019506269377
67 8149.480758080264 1883.941648202135 176.07435841686183 20.153921093741644 8144 8155 1880 1888 85.0 2.992984337811154 2.1184857178499916 8.184458722252876 0.7063956732798486 nan nan nan nan nan nan nan
68 5515.039798535025 1896.212221530305 176.0977439685222 20.154026210196246 5513 5517 1894 1898 21.0 1.370575373644808 1.1569789809586655 35.607437979114344 0.5360981204846115 -0.0016516054747626185 0.009904795326292515 0.0 0.05725859233598385 0.015401526514733935 0.13236951723630197 0.048030969646285684
69 1833.704940907009 1994.3002187360844 176.13042279937687 20.154842437576228 1832 1835 1993 1996 10.0 0.9894524473640832 0.7811388772022975 44.47355104697614 0.6137945387655402 nan nan nan nan nan nan nan
70 8376.798907798679 2007.9420638936635 176.07234031187912 20.15495403859992 8373 8381 2004 2012 65.0 2.0135398173903054 1.9847351501136985 62.70252602455283 0.16854176528421605 nan nan nan nan nan nan nan
71 4112.512861142392 2017.1815063080141 176.11019402688783 20.155034551640142 4104 4121 2008 2027 286.0 4.431961501072792 3.8542190645236802 -75.43043544809748 0.4936832035545537 -0.006184488069266081 0.01614181324839592 0.0 1.0570336842538381 0.06032887870465704 1.227564088000856 0.11128840086996712
72 8193.194102256177 2022.5967007151648 176.0739701296865 20.15507647864929 8188 8198 2019 2027 77.0 2.6650483786662402 2.0727970051700293 -4.795303694246057 0.628547904671043 nan nan nan nan nan nan nan
73 7811.98665720261 2036.416754973456 176.0773540561418 20.155192258326043 7805 7819 2030 2043 175.0 3.1391287581085305 2.8573546389273288 31.712796235733094 0.41408522874695286 nan nan nan nan nan nan nan
74 8667.51020768628 2086.388101462 176.06975953336897 20.155607221010097 8664 8671 2081 2092 70.0 2.919664927172443 1.7979573799510464 -74.72635473386146 0.7878950867548641 nan nan nan nan nan nan nan
75 7957.156721006611 2117.92921153086 176.0760652538768 20.155871302956726 7955 7959 2115 2121 28.0 1.6663869378526535 1.2699784620903793 82.3098065997261 0.6474416917383116 nan nan nan nan nan nan nan
76 8516.966697230986 2121.9554457655854 176.07109583120936 20.15590389686958 8514 8520 2119 2124 28.0 1.788243318188868 1.203866882980394 32.67011790927813 0.7394495157202373 nan nan nan nan nan nan nan
77 7690.159686274789 2146.0323133433762 176.07843533397718 20.156105903236394 7669 7711 2121 2174 1590.0 9.043344097768191 6.462068050115332 64.72576626984217 0.699567825304804 nan nan nan nan nan nan nan
78 4630.501228166486 2142.2017938205677 176.10559587003013 20.156076391590577 4629 4632 2141 2143 10.0 1.02082629228309 0.7463197381500979 -0.029928682662127996 0.6822770007523469 -0.00182457291521132 0.004913582932204008 0.0 0.009772339544724673 0.01052906018636609 0.020357846376480946 0.05180767668631371
79 6588.872489486987 2162.690077933356 176.08821142327028 20.15624606488564 6587 6591 2161 2165 20.0 1.3295521190746173 1.1338853366805326 20.884617069751826 0.5221844745685577 -0.0038557795342057943 0.003048172453418374 0.0 -0.01630822020524647 0.01736048170807002 -0.042995004389640754 0.040971012051976806
80 6617.392695039565 2176.054535876529 176.08795823555812 20.1563574072737 6613 6622 2170 2183 108.0 3.1035805497518396 2.335515509087889 -88.60032095170368 0.6585660554406496 -0.0049421945586800575 0.006355635821819305 0.0 0.11235283226051251 0.034336670865516714 0.1629053600185657 0.07123146985909123
81 5309.887046348012 2205.4156554602114 176.09956494693301 20.156602998445926 5306 5314 2202 2209 62.0 2.1565153023589425 1.9176674930203128 13.869273733215397 0.45743389538661455 -0.006752350367605686 0.005744587164372206 0.0 -0.009212428885803092 0.02570591195343812 -0.023286183024908168 0.04835167061429772
82 3220.4957502173115 2210.5012539197037 176.1181125008535 20.15664526211293 3219 3222 2210 2211 8.0 1.0996432760051296 0.49999835121944525 0.016176720452729693 0.890649045381893 -0.0021172792185097933 0.0023132164496928453 0.0 -0.0019650140311568975 0.009666355047976962 -0.019505773217009345 0.030962632516974793
83 3517.5622597373676 2222.7868492480748 176.11547544236797 20.156747777042224 3514 3521 2220 2226 41.0 1.809661180817325 1.5959348728599994 7.511688248852006 0.4714420193502969 -0.006029811687767506 0.008264427073299885 0.0 0.02417446579784155 0.02241877133804788 0.02149240695873785 0.03595655939533657
84 8296.639260543516 2319.726681009622 176.0730513045473 20.15755238373245 8293 8300 2317 2323 39.0 1.9047343054230303 1.5221997407188026 38.39757801932706 0.6011098032379695 nan nan nan nan nan nan nan
87 7790.109093208163 2473.9076067225974 176.07754755622113 20.158838047775046 7787 7793 2472 2476 27.0 1.901104883786494 1.0950674747137263 -27.82057181233896 0.8174381796246255 nan nan nan nan nan nan nan
88 4752.998133880301 2550.028058016301 176.10450839706473 20.1594749270713 4752 4754 2549 2551 9.0 0.8059015240566955 0.8043279146474429 -10.695793647227891 0.062461207526020975 -0.0012176260352134705 0.002313536126166582 0.0 0.006513581538456492 0.009998370477424615 -0.008673311942284224 0.01632955778679552
89 2819.494238107343 2566.7297222324214 176.1216724622547 20.15961358787919 2818 2821 2565 2568 14.0 1.038280846039455 1.0030222232636337 1.766336141391655 0.2583875441535252 -0.0036416584625840187 0.0036738275084644556 0.0 -0.010818787019161391 0.01282156695528686 -0.0004316331557939807 0.02777592762117233
90 3131.989168205127 2572.1626716016385 176.11889839088113 20.15965905915254 3128 3136 2570 2574 32.0 2.114265447928968 1.1734978150644173 -5.345546820831741 0.8318249456027655 -0.0046960702165961266 0.008656870573759079 0.0 0.05784047279485094 0.021438499799807775 0.3350234343931763 0.07727341043628481
91 5231.527428024019 2587.9121437218228 176.10026039355716 20.15979049958967 5229 5234 2585 2591 31.0 1.6182247244846988 1.4063697604072665 47.684133054118526 0.49466828597495593 -0.004109379835426807 0.011013519018888474 0.0 0.10962584801018238 0.01934153083757921 0.1565655441004638 0.048993418263862686
92 8539.286467410202 2594.319974837839 176.07089676969676 20.15984022571421 8536 8542 2591 2598 45.0 1.8666710236928172 1.6835561671582822 84.70933544066571 0.4319386608461157 nan nan nan nan nan nan nan
93 4702.671364244812 2609.5024405497948 176.10495514780789 20.15997055445074 4698 4708 2605 2614 91.0 2.466098267168982 2.2681820685067065 11.408886795378388 0.39251592167076466 -0.008445987477898598 0.007418829016387463 0.0 0.010789667132485192 0.032207643778424694 0.012986840435293141 0.04908602940368887
94 5358.11948142597 2654.595116222974 176.09913658084244 20.16034614003488 5356 5360 2653 2656 17.0 1.2686021092768573 0.9986560911651913 15.783348372220395 0.6166851980001561 -0.0035435303580015898 0.005731668788939714 0.0 0.020036988156789448 0.013760852018119352 0.15273582716532721 0.04953307715523429
95 8344.337073024803 2656.9138605807098 176.07262725565894 20.16036219275725 8342 8347 2654 2660 34.0 1.9135488072652909 1.3305664068994594 60.53649799091346 0.7186812475142267 nan nan nan nan nan nan nan
