Data/Catalogs/Detection-F814W_Analysis-F475W_Catalog.ecsv
# %ECSV 1.0
# ---
# datatype:
# - {name: label, datatype: int64}
# - {name: xcentroid, datatype: float64}
# - {name: ycentroid, datatype: float64}
# - {name: sky_centroid.ra, unit: deg, datatype: float64}
# - {name: sky_centroid.dec, unit: deg, datatype: float64}
# - {name: bbox_xmin, datatype: int64}
# - {name: bbox_xmax, datatype: int64}
# - {name: bbox_ymin, datatype: int64}
# - {name: bbox_ymax, datatype: int64}
# - {name: area, unit: pix2, datatype: float64}
# - {name: semimajor_sigma, unit: pix, datatype: float64}
# - {name: semiminor_sigma, unit: pix, datatype: float64}
# - {name: orientation, unit: deg, datatype: float64}
# - {name: eccentricity, datatype: float64}
# - {name: min_value, datatype: float64}
# - {name: max_value, datatype: float64}
# - {name: local_background, datatype: float64}
# - {name: segment_flux, datatype: float64}
# - {name: segment_fluxerr, datatype: float64}
# - {name: kron_flux, datatype: float64}
# - {name: kron_fluxerr, datatype: float64}
# meta: !!omap
# - {date: '2025-03-07 10:22:20 CST'}
# - version: {Python: 3.12.5, astropy: 6.1.2, bottleneck: null, gwcs: 0.21.0, matplotlib: 3.10.0, numpy: 1.26.4, photutils: 1.12.0, scipy: 1.14.0,
#     skimage: 0.24.0, sklearn: 1.5.1}
# - {localbkg_width: 0}
# - {apermask_method: correct}
# - kron_params: !!python/tuple [2.5, 1.4, 0.0]
# - __serialized_columns__:
#     area:
#       __class__: astropy.units.quantity.Quantity
#       unit: !astropy.units.Unit {unit: pix2}
#       value: !astropy.table.SerializedColumn {name: area}
#     eccentricity:
#       __class__: astropy.units.quantity.Quantity
#       unit: !astropy.units.Unit {unit: ''}
#       value: !astropy.table.SerializedColumn {name: eccentricity}
#     orientation:
#       __class__: astropy.units.quantity.Quantity
#       unit: &id001 !astropy.units.Unit {unit: deg}
#       value: !astropy.table.SerializedColumn {name: orientation}
#     semimajor_sigma:
#       __class__: astropy.units.quantity.Quantity
#       unit: !astropy.units.Unit {unit: pix}
#       value: !astropy.table.SerializedColumn {name: semimajor_sigma}
#     semiminor_sigma:
#       __class__: astropy.units.quantity.Quantity
#       unit: !astropy.units.Unit {unit: pix}
#       value: !astropy.table.SerializedColumn {name: semiminor_sigma}
#     sky_centroid:
#       __class__: astropy.coordinates.sky_coordinate.SkyCoord
#       dec: !astropy.table.SerializedColumn
#         __class__: astropy.coordinates.angles.core.Latitude
#         unit: *id001
#         value: !astropy.table.SerializedColumn {name: sky_centroid.dec}
#       frame: icrs
#       ra: !astropy.table.SerializedColumn
#         __class__: astropy.coordinates.angles.core.Longitude
#         unit: *id001
#         value: !astropy.table.SerializedColumn {name: sky_centroid.ra}
#         wrap_angle: !astropy.coordinates.Angle
#           unit: *id001
#           value: 360.0
#       representation_type: spherical
# schema: astropy-2.0
label xcentroid ycentroid sky_centroid.ra sky_centroid.dec bbox_xmin bbox_xmax bbox_ymin bbox_ymax area semimajor_sigma semiminor_sigma orientation eccentricity min_value max_value local_background segment_flux segment_fluxerr kron_flux kron_fluxerr
[from data line 216]
269 3372.188098680251 6526.391085913987 176.11676801049828 20.192611082914354 3364 3380 6518 6534 220.0 3.5121877245062447 3.4259013879646 40.49216955722304 0.22029935794425168 -0.007347261067479849 0.06675435602664948 0.0 2.245458804858572 0.11317503262816273 2.9000907345535287 0.22001264329575376
270 4521.909923084614 6700.996524767263 176.10655954846064 20.194066355257725 4399 4627 6598 6785 9047.0 8.958342647924553 7.614955820107696 18.812912541748798 0.5267170160709563 -0.006016175262629986 54.64004898071289 0.0 6196.205565994016 inf 5941.889782032831 inf
271 5540.174148375316 6606.702466707223 176.09751828459528 20.19328028069122 5535 5545 6601 6612 104.0 2.563590990774758 2.420130916055582 87.58356296701221 0.3298326848487943 -0.010920188389718533 0.23522381484508514 0.0 4.5131031394557795 0.0862691231236096 4.780307418135889 0.117015380966764
273 2758.1146279937243 6662.692693410875 176.12222051217583 20.193746566744643 2749 2768 6651 6673 344.0 4.4402990480687725 4.082751638274826 -82.21818654609623 0.39314443580655983 -0.024073364213109016 0.021269403398036957 0.0 1.0748246967682462 0.14976576324112814 1.7646658155218045 0.27626625935459287
274 4084.821665059518 6683.171560973013 176.11044051577562 20.193917796966982 4083 4086 6682 6685 11.0 0.9391955439764945 0.9048031353756346 42.308375942164204 0.2681362771992071 0.04161267355084419 0.09274750202894211 0.0 0.6525431759655476 0.0316425600908812 1.5898674624205629 0.08263456253368667
275 3872.4912411068726 6686.492230858299 176.11232582735187 20.19394543024637 3870 3875 6684 6689 30.0 1.6182702267480713 1.4319944346000801 30.575181242236873 0.4657961849094505 -0.006045318674296141 0.012735963799059391 0.0 0.06166598241543397 0.03783041538489394 1.3476194690951795 inf
276 5278.554806406155 6694.239519411888 176.09984119193274 20.19400987488736 5275 5282 6691 6698 49.0 1.9276906719581988 1.8374030834337676 -48.808430334114185 0.30245765353000376 -0.007648244965821505 0.011771495454013348 0.0 0.12822622869862244 0.047456133581942644 0.3259664471963212 0.13011129225397475
277 2909.499319867976 6700.658820929092 176.12087637509723 20.194063056138596 2905 2913 6696 6705 71.0 2.3793162828734635 1.91541341337573 -74.35559101946343 0.5932384210615413 -0.009711505845189095 0.015010788105428219 0.0 0.008124217551085167 0.05916751356067005 0.017778098541226327 0.09323149002803144
278 2924.8570926700804 6703.249567088096 176.1207400130211 20.194084655772663 2921 2929 6699 6707 64.0 2.057162000092671 1.918242399829475 26.206551192693855 0.3612467312682367 -0.006029945332556963 0.010116185992956161 0.0 0.04925825581813115 0.05666678495651377 0.12474038135448653 0.08656001259615427
279 2372.8764539420727 6737.7881375330735 176.12564116229586 20.19437204862054 2366 2380 6731 6745 183.0 3.4043237489726152 3.2138775466883485 -51.498127000019565 0.32978074139138297 -0.0026514227502048016 0.1847994178533554 0.0 6.693645930063212 inf 8.58539005202331 inf
280 2312.6654792533677 6748.826211194433 176.12617579613485 20.194463977590555 2306 2320 6737 6760 241.0 5.91530134803493 2.7069189239983746 68.82746023900253 0.8891514620088985 -0.001301606185734272 0.07326117157936096 0.0 5.66374218717101 0.11989713018917544 8.926868449991414 inf
281 2458.671319659584 6754.804479554685 176.12487939143824 20.194513926969325 2457 2460 6753 6757 14.0 1.1488078513857323 0.909313996811327 64.56649823638269 0.6111324342700114 -0.00423836475238204 0.009424157440662384 0.0 0.020707548363134265 0.04801890838162567 0.09657744280967925 0.08206463088736461
282 5986.300180479573 6793.51633114529 176.0935569456445 20.194836789626695 5970 6003 6777 6810 912.0 7.162409528178901 6.395858902610105 61.24609260038604 0.45010453218173574 -0.0004158965894021094 0.08673528581857681 0.0 24.774732290617976 inf 28.809466804718152 inf
283 4884.657378834149 6782.93161817341 176.10333864208891 20.1947490970076 4882 4887 6782 6784 15.0 1.47510992299422 0.7595191862098596 -5.584607935062652 0.8572563216571738 0.0077431900426745415 0.0264443326741457 0.0 0.28428961895406246 0.028630057686799232 1.6540910642400133 0.10696321216563928
284 4496.186302193392 6795.734393805231 176.10678794745374 20.194855838764695 4494 4498 6790 6801 44.0 3.106577465562367 1.09108986454533 -77.90928016919548 0.9362932369378939 -0.0065501052886247635 0.024914121255278587 0.0 0.43062368396203965 0.047630219763977286 3.386830734338778 0.20298857292901903
285 4784.463954857223 6859.017758972853 176.10422826366107 20.19538316794082 4781 4788 6855 6863 60.0 2.09254454776461 1.9123787703886799 87.57464616673748 0.40593690869312354 -0.007923412136733532 0.039327703416347504 0.0 0.4567134779499611 0.05439863307416936 0.6419689727804314 0.08416354725778122
286 351.24216823456425 6862.349632033408 176.14359181565786 20.19540733149673 346 354 6856 6867 5.0 3.421358521004563 1.3788511229975968 -68.12623322811318 0.9151943615431688 0.003797688987106085 0.003797688987106085 0.0 0.003797688987106085 0.027561151744734315 0.18978485617022192 0.6867179341112101
287 1634.8759676950924 6877.927461364806 176.13219417065326 20.19553909091013 1628 1641 6872 6884 133.0 3.488307928112265 2.4660130027764415 36.628557938937114 0.7072767906727268 -0.00412472290918231 0.04865071922540665 0.0 2.2505558093544096 0.0832993484892722 2.9670961689842583 0.1898053370364531
291 5055.248586426386 7010.44245409916 176.10182385965527 20.196644976286656 5053 5057 7009 7012 16.0 1.2376004964778222 0.9925696956893872 -28.381586355616236 0.5973087381725454 0.006390925031155348 0.019398007541894913 0.0 0.23033279413357377 0.030294634788767823 1.755099403123089 0.11788666656464826
292 4699.353578549156 7044.754010851503 176.1049839501506 20.19693098315651 4694 4705 7039 7051 122.0 2.981353211033328 2.7779669629145696 50.93497769281452 0.3630220227735747 0.0014097479870542884 0.05671647563576698 0.0 3.1892267571529374 0.08737431391309836 4.540878474069822 inf
294 5709.391280273673 7086.764100571636 176.09601548830793 20.19728070057204 5706 5713 7083 7090 56.0 2.016839562808561 1.8917617418842056 30.370943095043952 0.34668055853642804 -0.004797450732439756 0.058815326541662216 0.0 0.9896741796983406 0.05430656440868193 1.1947121401302712 0.08756292528501322
296 5412.20343111471 7116.395926415375 176.0986543021808 20.19752778751017 5411 5413 7116 7117 5.0 0.7666888535103825 0.44933897036823006 18.10391223091462 0.8102551089677211 -0.0035266797058284283 0.0022279766853898764 0.0 0.0010738441778812557 0.014163895032653109 0.016293829343135686 0.04708932613453551
297 3095.097099670353 7144.940314691591 176.11922869874175 20.197765516167813 3087 3103 7139 7151 166.0 3.643181569529799 2.9469544442081173 -11.127456145018446 0.5879519601852212 -0.007528297603130341 0.025209691375494003 0.0 0.8430238436485524 0.09179509992735645 2.1498954205099214 0.263760824419907
298 4981.762140654001 7178.853262235885 176.1024763199579 20.198048420039793 4978 4986 7175 7183 64.0 2.220817975356394 2.1841580838263654 -73.30956858342378 0.18094825531005582 -0.0016607425641268492 0.01343807764351368 0.0 0.24861627867721836 0.05360882169110531 1.4049045278388608 inf
301 4992.265722308799 7215.917745418712 176.1023830441668 20.19835728788389 4991 4994 7214 7218 15.0 1.3045261431242183 0.8875556174988357 -62.83172017053662 0.7328722302763039 0.012068112380802631 0.03095942735671997 0.0 0.336626386269927 0.02914866844717462 2.8406574627903263 0.12009124326361789
307 5506.246346350491 7319.950657926857 176.09781915520747 20.19922403179641 5492 5527 7309 7335 493.0 8.07709344689171 4.84025100281814 -27.354703609661932 0.8005570620314858 -0.006647016387432814 0.036326877772808075 0.0 4.6466251399751854 0.15414521804441272 15.848760026273123 inf
308 6329.844020275079 7333.414909238084 176.09050605836873 20.199335672790255 6324 6336 7327 7339 138.0 2.762773570962986 2.6482560076875132 45.93343468339549 0.2849251006516228 -0.006207761354744434 0.04715250805020332 0.0 1.0558798343481612 0.07642297865458798 1.198732138429088 0.10623205276555779
312 4728.904747310676 7387.286736016091 176.10472150118585 20.199785417764325 4721 4737 7377 7398 311.0 4.688469907722106 3.722369568829032 -83.40240464852344 0.6079945083053514 -0.0036387471482157707 0.08028225600719452 0.0 6.1122322988230735 0.1326353411199466 8.379103103224129 0.2383719808859452
313 5992.778313836424 7385.979117096425 176.0934989745197 20.199773973949178 5986 5999 7379 7392 157.0 2.8597907022566518 2.7927150625519777 36.33467025774892 0.21531221501000383 -0.007475451100617647 0.38229310512542725 0.0 7.340276507864473 0.1097695121577011 7.685384226594008 0.13427090854081425
314 5425.8476418502305 7399.770973770763 176.09853301130914 20.199889239525294 5420 5431 7395 7405 94.0 2.82525498066544 2.4087226239236923 -26.48197609400388 0.5226159410021334 0.0015692418674007058 0.035350680351257324 0.0 1.6758770333835855 0.07063048609598743 3.418459342854879 0.18264044999014478
316 3958.9666855600344 7420.492502171697 176.1115581502208 20.200062116501314 3954 3963 7416 7425 77.0 2.6323662220774593 2.099771666702448 -48.87988111430458 0.6030880835188811 0.0029108941089361906 0.062104202806949615 0.0 1.9257904558908194 0.07086582085914286 4.387789543358245 0.18619080673708532
317 5356.720809049163 7431.128772765371 176.09914680698898 20.20015058531796 5354 5359 7429 7434 27.0 1.5434848664921221 1.3257369130664238 35.00097994256233 0.5121022979435284 0.00901440903544426 0.038347288966178894 0.0 0.6723194289952517 0.039440874282807986 2.406590813218422 0.12226339622970502
318 6222.780398900712 7467.693913922118 176.0914566070311 20.20045475427172 6204 6242 7453 7486 871.0 9.361855835686109 6.120253011377469 -29.98667169193493 0.756716162701899 -0.0005121013964526355 0.03413840010762215 0.0 11.346898978808895 0.20434506482788373 27.62619799859499 0.571330875254761
319 4815.998471686969 7495.999426956072 176.1039481330765 20.200691341828456 4815 4817 7495 7497 5.0 0.6295402377666542 0.6288035742333934 -89.94586793024983 0.04836272363798899 0.014168458990752697 0.03561292216181755 0.0 0.12553163710981607 0.01734913841844177 0.6232634256548577 0.05802450838636906
322 4966.479598847595 7546.266468252925 176.10261191885783 20.20111020013236 4964 4969 7545 7548 14.0 1.4361908188555554 0.7631077433377939 19.890139504348934 0.8471577423643945 -0.00551441079005599 0.006261654198169708 0.0 0.013065913293758058 0.029559914898661922 -0.04737920090172336 inf
323 4991.581009768809 7553.2098969995495 176.1023890277486 20.20116805543549 4987 4996 7547 7559 107.0 3.0902458927388343 2.3855283486503502 84.97206033054297 0.6356781314188419 0.0006779951509088278 0.05281664803624153 0.0 1.8036715027410537 0.07589445586997806 6.314906854852189 0.2456992672896187
324 5353.04896008348 7557.096569679281 176.09917935358337 20.201200318306483 5350 5356 7554 7560 38.0 1.7159505076285122 1.6282970212167314 59.14071815219159 0.31552156492492117 0.009776254184544086 0.07586544007062912 0.0 1.3799211531877518 0.052327582248501356 2.8005349437770763 0.13097434799753832
327 5850.560543671237 7608.62700015795 176.09476163854347 20.20162946965541 5849 5852 7606 7611 21.0 1.5349741636825436 1.0314443730402576 82.7377836231703 0.7405855888861701 0.005909562110900879 0.026948515325784683 0.0 0.3278975528664887 0.03290631303877607 2.1366285199015196 0.11995632546869112
329 6087.498428077557 7642.240857529984 176.09265770376823 20.201909418238223 6082 6094 7633 7651 183.0 4.406697769129087 2.6963736799184677 70.5360424651074 0.7909500033580052 -0.00029636838007718325 0.03524292632937431 0.0 2.0524045580241363 0.09141199810193687 4.241354792736795 0.23660290391748157
331 6055.870651771882 7650.879288543761 176.09293853865185 20.201981428861004 6055 6057 7650 7652 8.0 0.8622123667799027 0.6832603576240615 -45.479728511014784 0.6099366274275326 0.02111668512225151 0.03073115646839142 0.0 0.20272543095052242 0.021200827308563496 1.5433488189269902 0.08272097419344775
335 4204.804022143644 7722.028706375112 176.10937526754213 20.20257495146195 4166 4234 7697 7737 1090.0 10.73162874218281 7.788106471827445 14.389012087489542 0.6879952020612297 -0.011301208287477493 0.0641937404870987 0.0 10.456368236391427 inf 16.335117762965204 inf
337 4911.097137251757 7711.204942049378 176.10310364919596 20.20248470064257 4907 4915 7707 7715 64.0 2.1440821160656065 2.0738774124522865 63.06772664849936 0.2538007463703454 -0.0005712071433663368 0.07409486174583435 0.0 1.3751171191688627 0.06043330096693015 1.9400076772214971 0.13221802583326853
343 5928.442574129995 7811.188684410644 176.094069931343 20.203317431166184 5926 5931 7809 7813 23.0 1.4002442742976535 1.229382883526985 16.81939228073635 0.4787020102262258 0.006848224904388189 0.0566045343875885 0.0 0.6027818671427667 0.037109275493350975 1.1796781748087413 0.09787194109344309
349 5759.173361903051 7943.497933551687 176.09557290032566 20.204420117661574 5752 5766 7936 7951 154.0 4.780609366146756 2.344603403115611 50.43623199691414 0.8714748018817365 -0.0038270007353276014 0.021542128175497055 0.0 1.06391075697411 0.08307831015639078 3.1494585056627233 0.2685139392082205
350 5485.936103716317 7951.279357588543 176.09799917047184 20.204485113024127 5465 5508 7939 7963 725.0 9.666956980813671 4.155012656229979 19.095835293640253 0.9029165062719351 -0.006636308506131172 0.031198063865303993 0.0 4.256541912053763 0.18050394118574903 7.219729003163264 0.38399994212399186
352 6091.739269285737 7970.288108431118 176.0926197819311 20.20464314132694 6086 6098 7964 7976 138.0 2.789343054965895 2.6985567725171826 64.77010587110323 0.2530528737629143 -0.00812586210668087 0.02417205087840557 0.0 0.40058686181498615 0.07407352073273134 0.5157336149536177 0.12797413685978995
356 6736.134048484135 8025.283073864301 176.08689765858605 20.205100850889032 6734 6739 8023 8028 27.0 1.5185950670697943 1.3258848545701813 -54.287128512843644 0.48754175534112987 0.008205939084291458 0.043134309351444244 0.0 0.6524341208860278 0.047263064698081746 1.4015015606879277 inf
357 5940.3903312458815 8063.969972032132 176.09396365322036 20.20542393303197 5938 5943 8062 8066 25.0 1.4615829424614875 1.2820888716420487 -11.959821158527435 0.4801397572786228 0.0026423735544085503 0.030120134353637695 0.0 0.4198688524775207 0.03551642897646985 0.9711536424244451 0.11026465653977494
360 1923.5958667144441 417.3433930988408 176.12962300078956 20.141701234891976 1918 1931 408 423 9.0 4.07576324373513 2.2945119381731995 40.52951068069333 0.8264807565290747 0.02429262548685074 0.02429262548685074 0.0 0.02429262548685074 inf 2.2383537729458594 inf
362 1960.533681534515 574.1398089272116 176.12929531541957 20.143007911389578 1945 1978 564 586 382.0 7.363915632853855 3.6918731189116687 22.474253818332826 0.8652466212129324 -0.0006374514196068048 0.06639906018972397 0.0 9.458546892739832 inf 19.008779169968697 inf
363 1952.6967803137704 587.398029854852 176.12936489293813 20.143118388043757 1938 1968 571 604 657.0 7.723278390528755 5.617994204759873 47.46804963531858 0.6862025119705123 -0.004456502851098776 0.3550185561180115 0.0 21.5641103318776 inf 35.41403829576994 inf
364 2257.075330134837 851.8468427522618 176.12666342241067 20.14532243668112 2250 2265 845 857 127.0 3.6995413396372125 2.8794476050542444 11.64925375372004 0.6278609035266196 -0.003076261142268777 0.018888885155320168 0.0 1.1643216830125311 0.07602106992550826 15.654876778904898 inf
365 2268.9936604382465 875.2110156992765 176.12655765442014 20.145517149334868 2238 2302 844 903 2368.0 14.176793771914232 11.475914737982395 10.446253491291028 0.5871393100722002 -0.0028800927102565765 0.025964280590415 0.0 24.805179601708005 inf 74.60541217595897 inf
