Data/Catalogs/Detection-F814W_Analysis-F475W_Catalog.ecsv
# %ECSV 1.0
# ---
# datatype:
# - {name: label, datatype: int64}
# - {name: xcentroid, datatype: float64}
# - {name: ycentroid, datatype: float64}
# - {name: sky_centroid.ra, unit: deg, datatype: float64}
# - {name: sky_centroid.dec, unit: deg, datatype: float64}
# - {name: bbox_xmin, datatype: int64}
# - {name: bbox_xmax, datatype: int64}
# - {name: bbox_ymin, datatype: int64}
# - {name: bbox_ymax, datatype: int64}
# - {name: area, unit: pix2, datatype: float64}
# - {name: semimajor_sigma, unit: pix, datatype: float64}
# - {name: semiminor_sigma, unit: pix, datatype: float64}
# - {name: orientation, unit: deg, datatype: float64}
# - {name: eccentricity, datatype: float64}
# - {name: min_value, datatype: float64}
# - {name: max_value, datatype: float64}
# - {name: local_background, datatype: float64}
# - {name: segment_flux, datatype: float64}
# - {name: segment_fluxerr, datatype: float64}
# - {name: kron_flux, datatype: float64}
# - {name: kron_fluxerr, datatype: float64}
# meta: !!omap
# - {date: '2025-03-07 10:22:20 CST'}
# - version: {Python: 3.12.5, astropy: 6.1.2, bottleneck: null, gwcs: 0.21.0, matplotlib: 3.10.0, numpy: 1.26.4, photutils: 1.12.0, scipy: 1.14.0,
#     skimage: 0.24.0, sklearn: 1.5.1}
# - {localbkg_width: 0}
# - {apermask_method: correct}
# - kron_params: !!python/tuple [2.5, 1.4, 0.0]
# - __serialized_columns__:
#     area:
#       __class__: astropy.units.quantity.Quantity
#       unit: !astropy.units.Unit {unit: pix2}
#       value: !astropy.table.SerializedColumn {name: area}
#     eccentricity:
#       __class__: astropy.units.quantity.Quantity
#       unit: !astropy.units.Unit {unit: ''}
#       value: !astropy.table.SerializedColumn {name: eccentricity}
#     orientation:
#       __class__: astropy.units.quantity.Quantity
#       unit: &id001 !astropy.units.Unit {unit: deg}
#       value: !astropy.table.SerializedColumn {name: orientation}
#     semimajor_sigma:
#       __class__: astropy.units.quantity.Quantity
#       unit: !astropy.units.Unit {unit: pix}
#       value: !astropy.table.SerializedColumn {name: semimajor_sigma}
#     semiminor_sigma:
#       __class__: astropy.units.quantity.Quantity
#       unit: !astropy.units.Unit {unit: pix}
#       value: !astropy.table.SerializedColumn {name: semiminor_sigma}
#     sky_centroid:
#       __class__: astropy.coordinates.sky_coordinate.SkyCoord
#       dec: !astropy.table.SerializedColumn
#         __class__: astropy.coordinates.angles.core.Latitude
#         unit: *id001
#         value: !astropy.table.SerializedColumn {name: sky_centroid.dec}
#       frame: icrs
#       ra: !astropy.table.SerializedColumn
#         __class__: astropy.coordinates.angles.core.Longitude
#         unit: *id001
#         value: !astropy.table.SerializedColumn {name: sky_centroid.ra}
#         wrap_angle: !astropy.coordinates.Angle
#           unit: *id001
#           value: 360.0
#       representation_type: spherical
# schema: astropy-2.0
label xcentroid ycentroid sky_centroid.ra sky_centroid.dec bbox_xmin bbox_xmax bbox_ymin bbox_ymax area semimajor_sigma semiminor_sigma orientation eccentricity min_value max_value local_background segment_flux segment_fluxerr kron_flux kron_fluxerr
5 2536.5044595152112 372.9083835939071 176.12418268528256 20.141331531878304 2531 2547 368 381 20.0 4.245424227281555 2.4514490358232743 -53.29415540599518 0.8164379105305821 -0.0058957734145224094 0.006315433420240879 0.0 -0.03344849156565033 0.05687627133030086 0.051487358200903 inf
15 3415.4010182454444 756.8009847572018 176.11638165187614 20.144531188474485 3410 3421 752 762 98.0 2.7411526268940323 2.4415444872893706 -43.84386394146189 0.45459169850017866 -0.012916531413793564 0.009510544128715992 0.0 0.06153133121608789 0.06355295207523608 0.03265180672346417 0.16712037853945433
17 2148.324562006545 772.6507916389157 176.1276286501313 20.14466236402305 2143 2154 766 779 122.0 3.427815494625536 2.4872863904289555 -60.08072344411442 0.6880972097339488 -0.00494221830740571 0.020347237586975098 0.0 0.9250247483723797 0.0745490251050284 3.8719783606875318 inf
18 3606.8061438619707 833.6046548983753 176.11468270638892 20.145171293705438 3606 3608 833 834 5.0 0.7734270871060602 0.44636422793413016 18.41375120772147 0.8166557137858367 -0.0026776492595672607 0.0039324089884757996 0.0 0.0003609629511629464 0.014118149746353581 0.09141387675315087 0.05283818968106946
26 3428.3652003725756 1023.1901422020749 176.1162666991191 20.14675110311626 3422 3435 1017 1030 134.0 3.9183318694845486 2.5391463578178564 -52.66976642749026 0.761625720360249 0.0010535265319049358 0.02862679213285446 0.0 1.776495227473788 0.08241368908203785 5.861115950660221 inf
28 4013.974966533381 1038.5031528393952 176.11106856545274 20.1468788857543 4012 4016 1036 1041 26.0 1.4968943050335461 1.272510850802154 87.72093428606003 0.526620215908763 0.007961456663906574 0.04092269018292427 0.0 0.6824535364285111 0.04022928784186204 1.2903126772960396 0.08966783668854715
31 2726.250544585986 1135.8079181163716 176.122499074151 20.14768917441105 2721 2732 1130 1142 122.0 2.7454288585574433 2.5617322383333914 -86.40487235638984 0.3596429272334226 -0.010747511871159077 0.013673199340701103 0.0 0.2924377124727471 0.07177966870074744 0.36256668595273445 0.11171298237353537
32 4074.06699921188 1158.4328003938986 176.11053517901587 20.14787830851321 4067 4080 1150 1165 166.0 3.8240905494854918 3.064499314833493 72.29712612731505 0.5981732244719128 -0.002542181173339486 0.09004546701908112 0.0 4.329269965412095 0.10194014615682853 8.793654378848448 0.282675944435657
33 5200.087876741465 1197.3061905196698 176.10054002263306 20.148202129800435 5195 5205 1193 1202 88.0 2.419603019361733 2.331439752064978 -4.131114890530104 0.2674817713713585 -0.004054444842040539 0.1227162703871727 0.0 2.289275085553527 0.07734380995130122 2.726210789984136 0.1271114688477495
34 4211.657801508279 1201.3037298519173 176.10931385579528 20.148235581323547 4207 4216 1199 1204 44.0 2.471158742699821 1.3483230506651003 -3.1970502229038575 0.8380302243473224 0.023118535056710243 0.06833534687757492 0.0 1.9739093966782093 0.06064556303508081 3.8825226450738946 0.14502371451496515
35 3092.991852894077 1218.7168456914617 176.11924374445482 20.14838032345929 3091 3095 1215 1222 34.0 1.9130047158509302 1.3148003455389121 89.77798373193475 0.7263775269110555 0.00508519634604454 0.049674760550260544 0.0 0.9086780427023768 0.045062007217896 1.8934867070369066 0.12527430962979783
37 5688.525571790301 1264.0102557662217 176.09620434802545 20.148757767951807 5686 5691 1261 1267 26.0 1.8434145756287263 1.0822950743004105 43.701429173519315 0.8095040385736665 0.009246929548680782 0.039650049060583115 0.0 0.5899130050092936 0.04021699099921779 2.6461697042015877 0.16746298435903068
38 5101.864472981457 1294.0161705763107 176.10141187333662 20.149008079357472 5099 5105 1290 1298 43.0 2.1280288730115817 1.5541557140130589 -71.45591678898991 0.6830983212205582 0.0018219825578853488 0.02438317984342575 0.0 0.5884814470773563 0.05065032354280788 6.307198520926288 0.2114357429948544
40 5097.8751359357875 1306.3891677608965 176.10144728085172 20.149111188905323 5092 5104 1300 1313 126.0 3.6242982914324497 2.6157064660240885 -57.053238814716764 0.6921914778629387 0.0010738250566646457 0.04504146799445152 0.0 2.3463924266397953 0.09200835658686567 13.50505238832187 0.3443916732610971
43 4922.015659829789 1362.6290665515337 176.10300829831732 20.14957990309692 4920 4924 1360 1365 23.0 1.6802710678410215 1.036752366213162 51.0456960408804 0.786951430176852 0.009241319261491299 0.06266888976097107 0.0 0.8039285810664296 0.040689954470441526 2.5569168517058203 0.12452192975975168
46 5692.007296164049 1467.0671365628107 176.09617331691146 20.150449906259933 5680 5705 1446 1490 785.0 9.396531990618477 5.464880696609353 -76.1126601177543 0.8134857443547654 -0.014196652919054031 0.07425712794065475 0.0 18.679062621053163 0.22691588498936793 42.08837538585391 inf
48 4718.882996825581 1502.5196487211126 176.1048114063634 20.150745696595212 4715 4723 1498 1507 56.0 2.5617150053841153 1.5532002882212952 59.126291517943535 0.7952263420311527 -0.01108512468636036 0.025611121207475662 0.0 -0.014186634798534214 0.05332453784010459 -0.1090588173920227 0.11348289329621816
49 2321.201237570338 1506.3999302644368 176.1260948595336 20.15077710421177 2320 2322 1506 1507 5.0 0.7728993544454771 0.4475559904857829 18.42844931956818 0.8152841114381623 0.004209006670862436 0.007659703027456999 0.0 0.029150934424251318 0.014656208511103955 0.5664529830444777 0.06861385536036195
51 1798.104566237991 1547.9321648641655 176.1307382718988 20.151122663845584 1762 1833 1517 1579 3211.0 12.903314288624339 9.681286892301245 24.765762404231054 0.6611036450941955 -0.009095406159758568 0.3666835427284241 0.0 50.96963613316757 0.47158427783311263 63.72531333990011 0.6718949479390898
52 6290.526291359368 1527.7509224100077 176.09086041195027 20.150955178206498 6286 6296 1521 1534 109.0 3.4325140173304933 2.478791154120275 73.02579853908648 0.6917361425261007 -0.0018515331903472543 0.0388360433280468 0.0 1.2203937978338217 0.07611760296040801 4.13727797477892 0.24705310581815568
53 6218.668389733578 1530.9642757089946 176.091498269457 20.150982015727063 6216 6221 1529 1533 22.0 1.3823442730216333 1.1941065619994142 36.38472002039975 0.5037882437464487 -0.00783957913517952 0.049768488854169846 0.0 0.40430780267342925 0.037403864297345955 0.8606156558498117 0.09183681798229587
54 2478.303042678283 1588.7897654148594 176.12470039188577 20.15146382511357 2473 2482 1586 1592 40.0 2.7354911235279773 1.1884401093752417 31.22318787369004 0.900694895396736 0.004639927297830582 0.01647796295583248 0.0 0.3972291639074683 0.045203092824729584 5.114472349843023 0.19772255437631558
59 7714.207842584675 1813.2007324970753 176.0782223836759 20.153332271993442 7711 7718 1810 1816 42.0 1.9603114468393512 1.5746815317506864 -21.01132344696695 0.5955998233065171 0.0006310646422207355 0.039655931293964386 0.0 0.649189195362851 0.04486635342830569 1.4071286742588438 0.12004100595591749
60 3296.0476639852786 1829.7868972683425 176.11744162785578 20.153472680935124 3288 3304 1820 1841 269.0 4.392246269726723 3.401845532371457 75.52885819890514 0.6325597486655916 -0.0035807453095912933 0.09472408145666122 0.0 5.436169895838248 0.1224284675924006 6.841065699002755 0.22855702933682237
63 4761.6491577992165 1853.4064417396653 176.10443172310633 20.153669746101876 4757 4767 1849 1859 76.0 3.418057637961627 1.7001985481509339 -45.948950399932976 0.8675118118616305 -0.005439854692667723 0.025982875376939774 0.0 0.7162798719946295 0.06900960507759635 4.269010281164435 0.29613906047632904
64 8572.444126576636 1856.102988265547 176.07060388717082 20.15368835791522 8566 8584 1851 1864 14.0 4.324601910160688 2.7551299662758426 -42.09580932932903 0.7707952819917884 -0.004926895257085562 0.008934305049479008 0.0 0.012360097593045793 0.0764871443912546 0.3488118518198918 inf
65 5052.293445181892 1860.7344811886367 176.10185171657028 20.153730746292553 5049 5055 1858 1863 34.0 1.7604249906057317 1.4280020026039772 -24.118753628576027 0.5848119494223682 3.8547666918020695e-05 0.049366794526576996 0.0 0.6201303152993205 0.04599142329216069 1.120360277593155 0.11982094344093089
66 2209.502990344274 1870.001586350698 176.1270867451518 20.153807011820142 2209 2210 1869 1871 6.0 0.8127492001464164 0.499990381561636 -89.92647042105575 0.7883834908482094 -0.002575121121481061 0.012908468954265118 0.0 0.03075059805996716 0.015756430849879113 0.4114472949720307 0.06448144543600799
67 2353.898290212438 1879.472604341121 176.12580497862285 20.1538860723962 2350 2358 1876 1883 58.0 2.1169775776008977 1.879393259903043 32.438079225079576 0.4602836176021154 0.0012030820362269878 0.07097253948450089 0.0 1.067380036925897 0.05430070477744868 1.4893223929306534 0.11066120904274761
68 8150.7921694048355 1883.423339905961 176.07434677657636 20.153916772313796 8144 8157 1879 1888 101.0 3.3817578055763486 2.264999741361403 14.894003624293846 0.7425686635020867 0.004284393507987261 0.021735509857535362 0.0 1.2622624696232378 0.06941088625130937 4.69179302906895 0.25248710463897744
69 5653.784675769949 1966.4235155767276 176.09651230691924 20.154611230531767 5652 5656 1964 1969 19.0 1.4673333895605085 1.0157274491934665 -60.65146342485103 0.7216800553351785 0.0042488775216042995 0.025036143139004707 0.0 0.25425643706694245 0.032920282244279855 1.6788127029162099 0.13240808936134896
72 4112.296992867461 2017.0801442893346 176.1101959431204 20.155033706930066 4103 4123 2005 2028 379.0 5.168125507522464 4.291248717747482 -63.40640263268638 0.5572722777182426 -0.005065183620899916 0.0965566411614418 0.0 9.35585896705743 inf 11.290883890886684 inf
73 8192.76889859859 2021.398095585865 176.07397390634802 20.155066490995395 8187 8199 2017 2026 108.0 3.0784921665199017 2.3850964787808437 -15.726401810095096 0.6322538932260251 -0.003914507105946541 0.031699761748313904 0.0 1.4294215600239113 0.08417172970649417 2.8294718628076283 0.18102908207619522
74 7811.329940628402 2035.2473794237574 176.0773598876658 20.15518251453181 7796 7826 2018 2052 811.0 4.271059348223611 4.123182030839732 -63.458742878986385 0.26085904634578766 -0.009627072140574455 0.34941425919532776 0.0 7.332669585076985 0.19199497531048126 7.268410936666995 0.17709913958156992
75 2212.2901692948526 2024.9604916713643 176.12706216386098 20.155098338502597 2205 2220 2020 2030 129.0 3.634103497841585 2.399775609077728 13.685757608887275 0.7509590948946094 -0.010010802187025547 0.009921358898282051 0.0 0.1861464508961035 0.07218439520105413 0.5715764859420229 0.21156299731600323
76 8664.96027486765 2085.9893577912594 176.06978216980735 20.15560390299788 8652 8675 2073 2103 463.0 6.412159296465908 5.490002798331477 -82.75566068990024 0.5166672607587801 -0.007464196067303419 0.029517151415348053 0.0 3.685149837125209 inf 24.164178218010285 inf
77 7688.737598560298 2144.759476004921 176.0784479598147 20.156095298348312 7654 7721 2096 2192 4400.0 14.183290018481069 9.602066463205155 69.6504827063425 0.7359843702344332 -0.00812570471316576 1.2518011331558228 0.0 78.86684239870738 inf 86.71838947371327 inf
78 8516.171387839026 2120.6268103312714 176.071102893746 20.155892826370998 8508 8525 2112 2130 252.0 3.9676097490165474 3.46419922105979 69.21001968297404 0.4875054409397214 -0.0060327616520226 0.026362735778093338 0.0 1.2532305851523233 0.10256254475360264 2.1740749699162594 0.2175886056488283
79 4576.87236613728 2127.1234389605315 176.10607193379886 20.15595074373711 4576 4578 2126 2128 8.0 0.8626133744430361 0.68380461116947 45.17693959913519 0.6095953679788376 0.0012844573939219117 0.016555622220039368 0.0 0.08591148408595473 0.021061251162582523 1.7555018525374768 0.4545733905445455
80 4622.780482257914 2128.389755279271 176.1056644084743 20.155961292093075 4621 4625 2126 2131 23.0 1.4920730733829521 1.1972500870815592 -81.0114132521176 0.5967769952923048 -0.0017209749203175306 0.0171798262745142 0.0 0.19676498847547919 0.037954293962840044 4.859858837096468 inf
81 6547.507355621729 2143.271607499456 176.08857864104226 20.15608428440349 6546 6549 2142 2145 14.0 1.040244982686295 1.0110246050353446 7.218979655571607 0.23535241177197172 0.008213276974856853 0.03309110179543495 0.0 0.2384857600554824 0.02746169284801887 0.62655560009121 inf
82 6587.837204059574 2161.7243368121417 176.08822061449587 20.15623801805664 6582 6594 2156 2168 126.0 2.770658807507894 2.615679472250661 74.99823093945906 0.3297620402852338 -0.011561976745724678 0.04436660185456276 0.0 0.9821414235302655 0.08219817560468072 1.103916917740704 0.28999079452226584
83 6616.924122368671 2175.004155911559 176.08796239618556 20.156348654572923 6614 6619 2172 2178 32.0 1.7547070114410352 1.3710842937066179 88.9578315160283 0.6240617100589292 0.011947345919907093 0.06197486072778702 0.0 1.2271008444949985 0.04883237066276325 3.465940122750487 0.14596750999673477
84 5309.172225603105 2204.9263000839455 176.09957129261838 20.15659892077722 5305 5314 2200 2210 86.0 2.379661952601255 2.245610754226077 74.4848829769214 0.33089389572064143 -0.008204598911106586 0.10647889226675034 0.0 2.175311046958086 0.07743557805572825 2.325998705380444 0.11188849205190617
85 3516.52989858097 2222.773159704175 176.11548460665284 20.156747662561614 3514 3519 2220 2225 28.0 1.4454006756450994 1.4196961942964148 5.146204685915505 0.18775254143946749 0.002642667153850198 0.09455718100070953 0.0 0.9077156085986644 0.04428602537543347 1.305310773383416 0.0839444450743588
87 3536.1368962037777 2344.6299303219553 176.11531060431673 20.157763143086594 3533 3539 2342 2348 31.0 1.8524825530672822 1.291749392285767 -52.06804969254729 0.7167724124815333 0.002829825971275568 0.026473185047507286 0.0 0.289565582992509 0.03811933194762983 1.365761524391898 0.14414667456141397
89 7785.65516358684 2475.7785818069806 176.0775870913501 20.158853645964026 7775 7795 2468 2482 156.0 5.975720269840622 1.9519869379489492 -30.969613824465455 0.945144337797008 0.0001723066670820117 0.024978559464216232 0.0 1.4206434307270683 0.08401436901184942 3.8887719515414108 0.26012012109660626
91 5231.054747916987 2587.4894100681468 176.10026458979837 20.159786976986386 5228 5234 2584 2591 46.0 1.9820745256097165 1.6786742150482947 57.3939878606631 0.5317077512022625 0.003096930915489793 0.060809921473264694 0.0 1.0524087578523904 0.054137535090035854 1.559488228023489 0.11837843108693975
92 6489.108372538875 2588.9639481318295 176.0890966040284 20.159798442023746 6486 6492 2586 2592 40.0 1.9305396699081132 1.546112825065651 49.435543318276544 0.5988371918042896 -0.000774376792833209 0.01600092463195324 0.0 0.21578551252605394 0.043683717645465796 0.8431495933672479 0.13117590406499652
93 8539.31861294299 2594.8514019190466 176.0708964832888 20.15984465421268 8535 8543 2591 2599 66.0 2.148124930206967 2.072034485894761 -58.27088793627759 0.2637970611898911 -0.005676039960235357 0.06870931386947632 0.0 1.1744704258226193 0.06817498310537827 1.386848890203109 0.13539669389951417
94 4702.420602520669 2609.162124962731 176.10495737392114 20.15996771852253 4695 4710 2602 2616 187.0 3.1336185576147075 3.0333067848749797 29.242433347928678 0.2509944784441715 -0.008709416724741459 0.17154660820960999 0.0 3.481945292711316 0.13721703471082397 3.610988924268152 0.16660959992346758
95 6965.005191161328 2631.34597127982 176.08487192455053 20.160151130665273 6963 6967 2629 2633 17.0 1.160985485178896 1.1120130310723242 1.8444121960999036 0.28737482507291146 -0.003947865683585405 0.014919457025825977 0.0 0.08669660714804195 0.026687100303322265 0.2411233701445177 0.0742828215978315
96 8344.097546671435 2656.5716822909303 176.07262938262946 20.160359341693646 8342 8346 2654 2659 21.0 1.4627362770725048 1.101742521095261 65.36253976510378 0.6577840963900573 0.009209114126861095 0.023169035091996193 0.0 0.3381092669442296 0.031747281623784075 1.331842710195776 0.1168928323400512
