Data/Catalogs/Detection-F475W_Analysis-F275W_Catalog.ecsv
# %ECSV 1.0
# ---
# datatype:
# - {name: label, datatype: int64}
# - {name: xcentroid, datatype: float64}
# - {name: ycentroid, datatype: float64}
# - {name: sky_centroid.ra, unit: deg, datatype: float64}
# - {name: sky_centroid.dec, unit: deg, datatype: float64}
# - {name: bbox_xmin, datatype: int64}
# - {name: bbox_xmax, datatype: int64}
# - {name: bbox_ymin, datatype: int64}
# - {name: bbox_ymax, datatype: int64}
# - {name: area, unit: pix2, datatype: float64}
# - {name: semimajor_sigma, unit: pix, datatype: float64}
# - {name: semiminor_sigma, unit: pix, datatype: float64}
# - {name: orientation, unit: deg, datatype: float64}
# - {name: eccentricity, datatype: float64}
# - {name: min_value, datatype: float64}
# - {name: max_value, datatype: float64}
# - {name: local_background, datatype: float64}
# - {name: segment_flux, datatype: float64}
# - {name: segment_fluxerr, datatype: float64}
# - {name: kron_flux, datatype: float64}
# - {name: kron_fluxerr, datatype: float64}
# meta: !!omap
# - {date: '2025-03-07 10:22:21 CST'}
# - version: {Python: 3.12.5, astropy: 6.1.2, bottleneck: null, gwcs: 0.21.0, matplotlib: 3.10.0, numpy: 1.26.4, photutils: 1.12.0, scipy: 1.14.0,
#     skimage: 0.24.0, sklearn: 1.5.1}
# - {localbkg_width: 0}
# - {apermask_method: correct}
# - kron_params: !!python/tuple [2.5, 1.4, 0.0]
# - __serialized_columns__:
#     area:
#       __class__: astropy.units.quantity.Quantity
#       unit: !astropy.units.Unit {unit: pix2}
#       value: !astropy.table.SerializedColumn {name: area}
#     eccentricity:
#       __class__: astropy.units.quantity.Quantity
#       unit: !astropy.units.Unit {unit: ''}
#       value: !astropy.table.SerializedColumn {name: eccentricity}
#     orientation:
#       __class__: astropy.units.quantity.Quantity
#       unit: &id001 !astropy.units.Unit {unit: deg}
#       value: !astropy.table.SerializedColumn {name: orientation}
#     semimajor_sigma:
#       __class__: astropy.units.quantity.Quantity
#       unit: !astropy.units.Unit {unit: pix}
#       value: !astropy.table.SerializedColumn {name: semimajor_sigma}
#     semiminor_sigma:
#       __class__: astropy.units.quantity.Quantity
#       unit: !astropy.units.Unit {unit: pix}
#       value: !astropy.table.SerializedColumn {name: semiminor_sigma}
#     sky_centroid:
#       __class__: astropy.coordinates.sky_coordinate.SkyCoord
#       dec: !astropy.table.SerializedColumn
#         __class__: astropy.coordinates.angles.core.Latitude
#         unit: *id001
#         value: !astropy.table.SerializedColumn {name: sky_centroid.dec}
#       frame: icrs
#       ra: !astropy.table.SerializedColumn
#         __class__: astropy.coordinates.angles.core.Longitude
#         unit: *id001
#         value: !astropy.table.SerializedColumn {name: sky_centroid.ra}
#         wrap_angle: !astropy.coordinates.Angle
#           unit: *id001
#           value: 360.0
#       representation_type: spherical
# schema: astropy-2.0
label xcentroid ycentroid sky_centroid.ra sky_centroid.dec bbox_xmin bbox_xmax bbox_ymin bbox_ymax area semimajor_sigma semiminor_sigma orientation eccentricity min_value max_value local_background segment_flux segment_fluxerr kron_flux kron_fluxerr
[from data line 310]
398 1659.2447761371695 3929.478017541519 176.13197397367244 20.170968711840946 1650 1670 3914 3942 441.0 7.371784803774474 4.721986117200701 76.04259410229895 0.7679176690007685 nan nan nan nan nan nan nan
399 1670.4212265765946 3920.423189507992 176.1318747393827 20.170893268510365 1668 1673 3918 3923 26.0 1.6759998394697795 1.2171790753115337 45.08000185320859 0.687440642858874 nan nan nan nan nan nan nan
400 1693.650462707696 3924.1649570131285 176.13166851910378 20.170924477914223 1684 1704 3917 3930 187.0 5.296592733888438 2.8760175206131624 -10.154844401180592 0.8397366430146641 nan nan nan nan nan nan nan
401 1616.7599835640106 4390.496119076854 176.13235175298712 20.174810476931544 1608 1626 4386 4396 148.0 4.326779765416921 2.376776667506369 -7.1175663923801755 0.8356135919427626 nan nan nan nan nan nan nan
402 1626.5261075827361 4401.04298384192 176.13226506271093 20.17489837950476 1620 1636 4391 4411 208.0 5.163439940538498 3.007128813895748 65.12909444475446 0.8129104876303814 nan nan nan nan nan nan nan
403 960.3653470719527 4737.59162763366 176.13817981982865 20.177702032395576 943 979 4724 4751 647.0 8.106803128049075 5.271437964654792 -19.257109776886995 0.7597214391654672 nan nan nan nan nan nan nan
404 968.6921117553192 4762.656506788017 176.13810593374902 20.177910919063997 947 995 4741 4789 1474.0 7.826804373799055 5.749596087259154 41.39326486072538 0.6784968943109928 nan nan nan nan nan nan nan
405 973.512715899473 4794.127282117206 176.13806318637117 20.17817318282885 943 992 4781 4806 666.0 10.810392073623495 4.634457162249554 -18.17674537687473 0.9034450578142764 nan nan nan nan nan nan nan
406 615.1348771014591 5501.660126459815 176.1412462171701 20.184068714750016 609 623 5498 5506 88.0 3.196616265414667 1.9582355310953576 -5.903647000799109 0.7903959029452579 nan nan nan nan nan nan nan
407 626.648484024114 5500.779870674155 176.14114399120336 20.18406139862372 624 629 5499 5502 14.0 1.3313734994318307 0.8503210856966503 3.449912784485045 0.7694727913157776 nan nan nan nan nan nan nan
408 1731.1963235780559 5769.773115670986 176.1313375220114 20.18630458918984 1674 1838 5676 5869 12691.0 10.408181456269135 9.689259555273187 -14.687073758335291 0.36520472115899594 nan nan nan nan nan nan nan
409 1698.7787009541976 5760.190145057322 176.13162533616074 20.18622469246468 1625 1717 5704 5783 4064.0 16.91366437937608 11.645510021034479 30.066541216164914 0.7252109642013002 nan nan nan nan nan nan nan
410 1680.5448431220977 5789.003672374551 176.13178726610337 20.18646478321738 1650 1703 5774 5815 1307.0 12.876311771735418 7.8305860722108 -12.457393993883901 0.7938306360626527 nan nan nan nan nan nan nan
411 5689.068763417829 5691.23665349376 176.09619679866395 20.185651318342906 5681 5697 5682 5702 240.0 5.203685686530424 3.3553086815612376 64.89036257024 0.7643558475341878 -0.005541123449802399 0.015096944756805897 0.0 0.4873964639627957 0.0552687528939568 1.1832482396944846 0.17974463049270253
412 5698.669187011693 5703.638358581239 176.09611155201785 20.185754660302692 5692 5704 5696 5710 113.0 3.6901491215454314 2.336761461501322 58.296150626633796 0.7739529565426437 -0.003852908266708255 0.008338706567883492 0.0 0.23482053794214153 0.03737843448341851 0.9795001340982601 0.1310189840040628
413 1995.3309786098146 5930.4575441523675 176.12899253187183 20.187643923376434 1990 2001 5926 5937 91.0 3.1752946229259784 2.160555614982895 44.02792503080438 0.7328160383017812 nan nan nan nan nan nan nan
414 1983.9948353783636 5930.649166364932 176.12909318318808 20.18764550810014 1978 1990 5926 5937 106.0 3.0379521326586785 2.621848174120632 -21.771765441209578 0.5051502255539883 nan nan nan nan nan nan nan
415 1989.7942410279868 5944.004433929931 176.12904170676597 20.18775680819445 1977 2000 5932 5955 341.0 5.470611496454077 4.909213493669914 -43.98523945193809 0.44126001293409783 nan nan nan nan nan nan nan
416 2005.9723362698196 5947.672593064812 176.12889806909837 20.187787393432316 2001 2010 5943 5952 72.0 2.3966011911878806 2.2531092114267106 64.51797812067224 0.3408246483309046 nan nan nan nan nan nan nan
417 1996.6298879535211 5957.565949763172 176.12898102993532 20.187869828114746 1993 2000 5953 5962 63.0 2.4585204445695212 1.9575179391111024 74.33970840702253 0.6050099881449389 nan nan nan nan nan nan nan
418 3094.5446965165847 6432.538686999503 176.1192331656535 20.191828836492586 3087 3102 6424 6442 240.0 4.299750353257582 3.740200919809051 84.05864704761872 0.49329043860624194 -0.003965255804359913 0.01176871731877327 0.0 0.7392876608028018 0.05278058628435931 1.9526645121227968 0.15445593155300616
419 3101.642477406641 6442.046159504529 176.1191701501506 20.19190806950957 3099 3104 6439 6445 31.0 1.6217326163372732 1.4882585450157388 -86.34626635193598 0.39728190066224744 6.987471715547144e-05 0.010325818322598934 0.0 0.08570567215792835 0.018849804283682898 0.71202132212894 0.07735391778263759
420 5514.1112982445275 7313.0390457995745 176.0977493225394 20.19916643111278 5510 5518 7311 7315 32.0 2.0414153757110167 1.2224528281011842 7.140530229117348 0.8008790733420513 nan nan nan nan nan nan nan
421 5521.552654503477 7315.112068039713 176.0976832463879 20.199183702553267 5518 5525 7313 7318 36.0 2.2973291211358635 1.2281771074954975 21.822866882548972 0.8450983514104662 nan nan nan nan nan nan nan
422 6959.2467035873115 7339.300368356404 176.08491730546208 20.19938408558341 6944 6976 7326 7356 680.0 7.389604505424642 6.61459504905627 26.908649521626657 0.44582195372659084 nan nan nan nan nan nan nan
423 6940.871915478311 7340.8914048235965 176.08508046147958 20.1993973651911 6933 6949 7329 7352 289.0 6.534179651110493 3.2738261786432665 68.42659824530274 0.8654293710379101 nan nan nan nan nan nan nan
424 6978.4967680469435 7346.285051789639 176.0847463669704 20.199442269128323 6971 6986 7336 7355 196.0 4.705136594158416 3.2579142661905833 65.83272017842859 0.7214980074399303 nan nan nan nan nan nan nan
425 6956.618306303597 7358.729842235045 176.08494062051062 20.199546000831457 6953 6960 7354 7364 66.0 2.716418853292413 1.8795935191544482 80.24709284849126 0.7219568948192281 nan nan nan nan nan nan nan
426 6222.053507721002 7467.550329954542 176.09146306159187 20.20045355833285 6206 6240 7455 7480 619.0 8.203737212859082 5.495577576005196 -17.929745239349128 0.7424629947106044 nan nan nan nan nan nan nan
427 6240.388538914275 7460.23844044424 176.0913002619596 20.20039261088308 6236 6244 7456 7465 62.0 2.3409180508558127 2.0498485585589816 73.08912073257895 0.48292791519210854 nan nan nan nan nan nan nan
428 6048.2440346008625 7645.628111596327 176.09300626405496 20.20193767471687 6046 6051 7643 7648 26.0 1.530872333825179 1.332880053653359 -29.438494345300512 0.4918728894931149 nan nan nan nan nan nan nan
429 6054.579223201336 7649.816596818612 176.0929500068538 20.201972574057894 6050 6059 7645 7655 71.0 2.6887202711757263 1.9692873902295573 62.85940880524207 0.6808471427460474 nan nan nan nan nan nan nan
