Data/Catalogs/Detection-F814W_Analysis-F275W_Catalog.ecsv
# %ECSV 1.0
# ---
# datatype:
# - {name: label, datatype: int64}
# - {name: xcentroid, datatype: float64}
# - {name: ycentroid, datatype: float64}
# - {name: sky_centroid.ra, unit: deg, datatype: float64}
# - {name: sky_centroid.dec, unit: deg, datatype: float64}
# - {name: bbox_xmin, datatype: int64}
# - {name: bbox_xmax, datatype: int64}
# - {name: bbox_ymin, datatype: int64}
# - {name: bbox_ymax, datatype: int64}
# - {name: area, unit: pix2, datatype: float64}
# - {name: semimajor_sigma, unit: pix, datatype: float64}
# - {name: semiminor_sigma, unit: pix, datatype: float64}
# - {name: orientation, unit: deg, datatype: float64}
# - {name: eccentricity, datatype: float64}
# - {name: min_value, datatype: float64}
# - {name: max_value, datatype: float64}
# - {name: local_background, datatype: float64}
# - {name: segment_flux, datatype: float64}
# - {name: segment_fluxerr, datatype: float64}
# - {name: kron_flux, datatype: float64}
# - {name: kron_fluxerr, datatype: float64}
# meta: !!omap
# - {date: '2025-03-07 10:22:21 CST'}
# - version: {Python: 3.12.5, astropy: 6.1.2, bottleneck: null, gwcs: 0.21.0, matplotlib: 3.10.0, numpy: 1.26.4, photutils: 1.12.0, scipy: 1.14.0,
#     skimage: 0.24.0, sklearn: 1.5.1}
# - {localbkg_width: 0}
# - {apermask_method: correct}
# - kron_params: !!python/tuple [2.5, 1.4, 0.0]
# - __serialized_columns__:
#     area:
#       __class__: astropy.units.quantity.Quantity
#       unit: !astropy.units.Unit {unit: pix2}
#       value: !astropy.table.SerializedColumn {name: area}
#     eccentricity:
#       __class__: astropy.units.quantity.Quantity
#       unit: !astropy.units.Unit {unit: ''}
#       value: !astropy.table.SerializedColumn {name: eccentricity}
#     orientation:
#       __class__: astropy.units.quantity.Quantity
#       unit: &id001 !astropy.units.Unit {unit: deg}
#       value: !astropy.table.SerializedColumn {name: orientation}
#     semimajor_sigma:
#       __class__: astropy.units.quantity.Quantity
#       unit: !astropy.units.Unit {unit: pix}
#       value: !astropy.table.SerializedColumn {name: semimajor_sigma}
#     semiminor_sigma:
#       __class__: astropy.units.quantity.Quantity
#       unit: !astropy.units.Unit {unit: pix}
#       value: !astropy.table.SerializedColumn {name: semiminor_sigma}
#     sky_centroid:
#       __class__: astropy.coordinates.sky_coordinate.SkyCoord
#       dec: !astropy.table.SerializedColumn
#         __class__: astropy.coordinates.angles.core.Latitude
#         unit: *id001
#         value: !astropy.table.SerializedColumn {name: sky_centroid.dec}
#       frame: icrs
#       ra: !astropy.table.SerializedColumn
#         __class__: astropy.coordinates.angles.core.Longitude
#         unit: *id001
#         value: !astropy.table.SerializedColumn {name: sky_centroid.ra}
#         wrap_angle: !astropy.coordinates.Angle
#           unit: *id001
#           value: 360.0
#       representation_type: spherical
# schema: astropy-2.0
label xcentroid ycentroid sky_centroid.ra sky_centroid.dec bbox_xmin bbox_xmax bbox_ymin bbox_ymax area semimajor_sigma semiminor_sigma orientation eccentricity min_value max_value local_background segment_flux segment_fluxerr kron_flux kron_fluxerr
[from data line 309]
408 4321.336344497303 3525.0897747715962 176.10834036634304 20.167600469275378 4315 4329 3519 3531 124.0 4.029113635388233 2.377560468946794 34.34631297520952 0.8073336969040525 -0.007745043374598026 0.005591887049376965 0.0 -0.0029138908139429986 0.03810876913859134 0.7295210512936005 0.1798386146127898
409 5122.181273151102 3646.804817805187 176.10123071287074 20.168614643121284 5112 5134 3636 3658 344.0 5.0618581780403265 4.45624944068232 68.20402187376706 0.4743090361745372 -0.007284060120582581 0.027800075709819794 0.0 1.867850796365019 0.0702222195180402 3.0226709970307395 0.17465822600407524
410 5165.615320726536 3649.359362274355 176.10084511768423 20.168635916420047 5155 5175 3643 3656 226.0 4.860271726203775 3.091997061396826 -17.32861542537414 0.771542470609718 -0.008413715288043022 0.0185557808727026 0.0 0.6232104947484913 0.05434322089525166 2.5644794364486763 inf
411 5141.359154433107 3662.1791893155037 176.1010604520033 20.168742756551378 5129 5159 3645 3676 738.0 6.7089968292085 5.414492452269912 21.824794764499764 0.5904838057202546 -0.006803723517805338 0.14575621485710144 0.0 7.457497975648039 inf 9.379510026720286 inf
412 5124.715565281003 3664.162156387906 176.10120820814973 20.168759286779938 5116 5134 3653 3676 242.0 5.090887150160443 3.193993784433962 73.1117800637856 0.7787017027898404 -0.005540819372981787 0.03774518519639969 0.0 1.7030152641373206 0.060138661437519884 3.243893071006914 0.1612789302849509
413 7324.807229655721 3803.5516738183424 176.08167625370712 20.169919069196272 7323 7326 3800 3807 25.0 2.1483746969876973 0.9177968961065174 85.2778406475392 0.9041546856678598 -0.006552000064402819 0.0044766636565327644 0.0 -0.005012346003240964 0.016924769588249573 0.15248697945797757 inf
414 7326.342867716209 3812.7551632964482 176.0816626078492 20.1699957629267 7324 7329 3808 3817 45.0 2.7677540716301645 1.3007911764928224 74.4200292262644 0.8826766567290234 -0.008829448372125626 0.006629978306591511 0.0 0.005543255085285637 0.023788234614844837 0.227991614538675 inf
415 1686.6556342108602 3900.620529036979 176.13173058777193 20.17072826595635 1637 1729 3859 3945 5388.0 18.983454776730124 15.50635127042301 -24.994415874168723 0.5768713008644788 nan nan nan nan nan nan nan
416 1661.7119543989686 3934.894078831442 176.13195207749902 20.17101384867955 1645 1678 3922 3950 599.0 7.687169322695 5.498789082315717 39.325666328304514 0.6987966202670796 nan nan nan nan nan nan nan
417 1681.8497729708158 3950.1631933842414 176.13177331697543 20.171141115664348 1672 1694 3944 3955 173.0 4.819890488057742 2.76400819387215 9.455163674983543 0.8192344627823929 nan nan nan nan nan nan nan
418 2339.901609435884 4018.5245293639887 176.12593130568942 20.17171149060315 2332 2346 4011 4027 147.0 3.9992332361676537 2.8036689743391583 54.146734244706145 0.7131105199731028 -0.008903535082936287 0.00950882863253355 0.0 0.10939333871431245 0.04982478885803454 0.10746670380887893 inf
419 2328.089955858951 4032.9479518375515 176.1260361821378 20.171831674969244 2317 2341 4018 4049 445.0 7.634798091719677 4.158868435561582 -53.66621065404564 0.8386144763003434 -0.0077955462038517 0.01107249315828085 0.0 0.018660728918121094 inf -0.16267645323194135 inf
420 2314.86626997644 4055.059236371935 176.12615360217754 20.17201592348237 2308 2322 4046 4063 194.0 4.538634649540777 2.9813956297603346 -56.43018646434743 0.7539841370731264 -0.008836096152663231 0.010916478931903839 0.0 0.07155812534438155 0.05278122875069258 0.1490146003721788 0.1874800202875043
421 4756.340764847948 4266.381812189627 176.1044784259226 20.17377787411774 4753 4760 4262 4271 63.0 2.451182864611491 1.8308690843024922 -66.78129817887773 0.6648994420226062 -0.004593950696289539 0.00676104286685586 0.0 0.050932912191456126 0.028984248628897778 0.37325762811675134 0.09516625522954447
422 4748.985343929918 4280.5300443288525 176.1045437248647 20.17389577723888 4740 4757 4271 4289 252.0 4.984488428737914 3.4152885717639934 -43.28616989757259 0.7283706141485703 -0.006950784008949995 0.010532992891967297 0.0 0.3590340568052852 0.05901136699276692 0.4855785170740985 inf
423 1615.6962022319701 4391.763504362052 176.13236119895592 20.174821037160417 1607 1626 4385 4402 205.0 4.737630798944332 3.045305038147575 -32.568903828581 0.7660418463872946 nan nan nan nan nan nan nan
424 1625.7166023120915 4402.94775349082 176.132272252039 20.174914251587204 1612 1639 4388 4415 514.0 5.983447161130731 5.635892330518844 85.21573052355315 0.3358543091554009 nan nan nan nan nan nan nan
425 3497.8228616065467 4478.790242362641 176.11565162456193 20.175547796824894 3493 3501 4475 4483 52.0 2.354137776720249 1.7856701162517872 41.35805771372748 0.6516450478670476 -0.008234448730945587 0.005836184602230787 0.0 0.036176439934934024 0.025059299223219925 0.34791208050489963 0.1175517391158165
426 3487.2409041388755 4487.144348855833 176.11574557571336 20.175617410147265 3475 3499 4479 4496 318.0 5.757661549382636 4.0012539938843 -6.686457111889808 0.719063585155179 -0.009120159782469273 0.014644051901996136 0.0 0.21449551845535098 0.06336611542707739 1.401264483242826 0.24956299112119987
427 967.818551399212 4759.586338844775 176.13811368442677 20.17788533300332 937 1001 4717 4797 3813.0 15.331332000580401 10.467923169820244 69.4428496428238 0.7306242540340265 nan nan nan nan nan nan nan
428 974.8592588674771 4797.155435700007 176.13805123635012 20.17819841948731 939 998 4783 4817 1089.0 12.32497641363798 6.814591252334436 -6.524780148397116 0.833241597497693 nan nan nan nan nan nan nan
429 990.2091049502061 4816.024001595647 176.13791498718908 20.178355680813276 979 999 4804 4825 246.0 5.613781031300316 3.50877334730982 -42.49253526031439 0.7806019007332866 nan nan nan nan nan nan nan
430 5256.647445442379 4746.156412494229 176.10003651130057 20.177775858467992 5249 5267 4736 4755 224.0 4.655673631338335 4.036456970164309 -44.48879367645539 0.49831264762394445 -0.009004428051412106 0.007622171193361282 0.0 0.01462498491491715 0.05524507799032876 0.4244881379322441 inf
431 5265.766569583876 4751.4903984262155 176.09995554752223 20.177820304812887 5258 5272 4745 4756 110.0 3.9213287204132823 2.2503873262727736 -35.342969906204914 0.818936686524616 -0.006988845765590668 0.010075419209897518 0.0 0.015052623144583777 0.037323478442019706 0.33173555288478257 0.1699289517893213
432 1171.0941470050434 5365.397185260764 176.13630988406726 20.182934056711822 1168 1175 5362 5369 44.0 1.972886833993865 1.737497562965541 15.835186232322677 0.4736969734091239 nan nan nan nan nan nan nan
433 1175.910972100176 5376.483853369521 176.13626713475287 20.183026452502656 1170 1182 5366 5385 162.0 4.607913181741063 2.491793867760999 60.33641443664484 0.8411743130669096 nan nan nan nan nan nan nan
434 7293.426146535943 5375.262121158149 176.08195268285374 20.18301669563861 7287 7300 5369 5381 130.0 3.5729028881614395 2.737526005136915 56.651232584532586 0.6426129201096225 -0.005590435117483139 0.008545489981770515 0.0 0.008467180301522603 0.04072262054536813 0.342487723092614 0.14817258010153442
435 7302.932331777293 5375.203015600392 176.08186828213826 20.183016190776616 7299 7308 5370 5381 93.0 2.8699220530027842 2.414299287833393 -66.02016320441685 0.5406585889133642 -0.006639102473855019 0.00797849427908659 0.0 0.13955544451164315 0.03401063321129337 0.5287309504362196 0.12280615866618587
436 1732.306823464426 5770.834044058202 176.13132766355267 20.186313431574202 1620 1906 5604 5939 26010.0 14.820297284026896 12.377815014842586 -0.26842085044597447 0.5499562928548009 nan nan nan nan nan nan nan
437 1673.9882656027064 5757.765872664149 176.13184543979324 20.1862044603273 1557 1696 5716 5783 5014.0 26.783592109623296 6.883512954280583 18.010562634021923 0.966410114468528 nan nan nan nan nan nan nan
438 1786.9994218021645 5806.3706819320905 176.1308421081765 20.186609634299906 1770 1818 5793 5831 877.0 13.015240486593115 5.592753301427447 28.449242842425246 0.9029678909716851 nan nan nan nan nan nan nan
439 3973.767829934674 5833.088669161386 176.11142640987384 20.186833755567164 3970 3978 5832 5834 23.0 2.3896926042491935 0.7298851824546972 6.287516147703779 0.9522143481431922 -0.00437674205750227 0.004090455360710621 0.0 -0.00785995036494569 0.01662816649699349 -0.009935430756951025 0.06693247757441312
440 3985.6677376528496 5835.248079219673 176.11132075418703 20.186851752827497 3979 3990 5833 5838 37.0 3.259627687348443 0.9859111358983159 14.691539569984164 0.9531616751964364 -0.004027465358376503 0.005980405956506729 0.0 0.03677024618082214 0.020733981006120086 -0.004428365283419725 0.06578775334477271
441 4025.0309486510278 5842.3490369234705 176.1109712599432 20.18691093422499 4017 4034 5836 5849 173.0 3.2689113175733713 2.728996911370931 -10.61639131476607 0.5505024135109577 -0.009109385311603546 0.007381204050034285 0.0 -0.03130060516377853 0.045742041186065244 -0.05739196225445845 0.06370097152418136
442 4015.998206279502 5841.889142584413 176.1110514592076 20.186907100283797 4011 4019 5837 5847 83.0 2.2947074713737408 2.1103071460156513 89.08000480491435 0.39275994340174264 -0.008498342707753181 0.00768234534189105 0.0 0.0235873678320786 0.030960139584669893 0.01141640294656843 0.04623235508292035
443 6875.61424401867 6397.548153210678 176.08566102612633 20.191536246354083 6868 6884 6393 6402 130.0 4.076731457717166 2.421780636433924 0.08241363837957279 0.8044284237053081 -0.005253626499325037 0.008156015537679195 0.0 0.18104898936962854 0.040242693759780755 1.0759986115684506 0.15457594639745942
444 6878.916656447129 6409.498497000904 176.0856316898957 20.19163582887519 6869 6888 6398 6420 327.0 5.095514748042458 4.775498123486446 -53.43849098837234 0.34880208012468356 -0.007994073443114758 0.008093557320535183 0.0 0.2914735153312904 0.06300513213724013 1.274977364326485 inf
445 2572.3291028250924 6838.94746145122 176.1238702773092 20.195215213364826 2564 2581 6835 6844 108.0 4.467119398787721 2.029383327468845 -2.2820018873909973 0.8908520705547891 nan nan nan nan nan nan nan
446 2574.773111087712 6845.993594099589 176.12384858251872 20.19527393310638 2568 2580 6842 6852 95.0 2.9735261003860383 2.51227626719858 17.314003092832003 0.5349539947362176 nan nan nan nan nan nan nan
447 2568.4759349927426 6852.670740932153 176.12390450225843 20.195329570881146 2564 2574 6846 6858 101.0 3.0312817650453714 2.4596542918984086 65.98958852929023 0.5844581685782594 nan nan nan nan nan nan nan
448 6959.057846360442 7340.539479934873 176.0849189808991 20.199394411726786 6942 6979 7320 7361 959.0 8.96551912825649 7.628324050822569 55.56516245513682 0.5254064909711496 nan nan nan nan nan nan nan
449 6941.004010287777 7341.980845216768 176.08507928723193 20.199406443708355 6933 6948 7330 7353 222.0 6.373574044235598 2.725565627393125 67.48523442736038 0.9039513257622699 nan nan nan nan nan nan nan
450 6979.013376396256 7348.504780027063 176.08474177704554 20.199460766262334 6972 6985 7341 7355 128.0 3.33578992328398 3.0918251016861076 59.503897271892825 0.37539617240299417 nan nan nan nan nan nan nan
