Data/Catalogs/Detection-F814W_Analysis-F475W_Catalog.ecsv
# %ECSV 1.0
# ---
# datatype:
# - {name: label, datatype: int64}
# - {name: xcentroid, datatype: float64}
# - {name: ycentroid, datatype: float64}
# - {name: sky_centroid.ra, unit: deg, datatype: float64}
# - {name: sky_centroid.dec, unit: deg, datatype: float64}
# - {name: bbox_xmin, datatype: int64}
# - {name: bbox_xmax, datatype: int64}
# - {name: bbox_ymin, datatype: int64}
# - {name: bbox_ymax, datatype: int64}
# - {name: area, unit: pix2, datatype: float64}
# - {name: semimajor_sigma, unit: pix, datatype: float64}
# - {name: semiminor_sigma, unit: pix, datatype: float64}
# - {name: orientation, unit: deg, datatype: float64}
# - {name: eccentricity, datatype: float64}
# - {name: min_value, datatype: float64}
# - {name: max_value, datatype: float64}
# - {name: local_background, datatype: float64}
# - {name: segment_flux, datatype: float64}
# - {name: segment_fluxerr, datatype: float64}
# - {name: kron_flux, datatype: float64}
# - {name: kron_fluxerr, datatype: float64}
# meta: !!omap
# - {date: '2025-03-07 10:22:20 CST'}
# - version: {Python: 3.12.5, astropy: 6.1.2, bottleneck: null, gwcs: 0.21.0, matplotlib: 3.10.0, numpy: 1.26.4, photutils: 1.12.0, scipy: 1.14.0,
#     skimage: 0.24.0, sklearn: 1.5.1}
# - {localbkg_width: 0}
# - {apermask_method: correct}
# - kron_params: !!python/tuple [2.5, 1.4, 0.0]
# - __serialized_columns__:
#     area:
#       __class__: astropy.units.quantity.Quantity
#       unit: !astropy.units.Unit {unit: pix2}
#       value: !astropy.table.SerializedColumn {name: area}
#     eccentricity:
#       __class__: astropy.units.quantity.Quantity
#       unit: !astropy.units.Unit {unit: ''}
#       value: !astropy.table.SerializedColumn {name: eccentricity}
#     orientation:
#       __class__: astropy.units.quantity.Quantity
#       unit: &id001 !astropy.units.Unit {unit: deg}
#       value: !astropy.table.SerializedColumn {name: orientation}
#     semimajor_sigma:
#       __class__: astropy.units.quantity.Quantity
#       unit: !astropy.units.Unit {unit: pix}
#       value: !astropy.table.SerializedColumn {name: semimajor_sigma}
#     semiminor_sigma:
#       __class__: astropy.units.quantity.Quantity
#       unit: !astropy.units.Unit {unit: pix}
#       value: !astropy.table.SerializedColumn {name: semiminor_sigma}
#     sky_centroid:
#       __class__: astropy.coordinates.sky_coordinate.SkyCoord
#       dec: !astropy.table.SerializedColumn
#         __class__: astropy.coordinates.angles.core.Latitude
#         unit: *id001
#         value: !astropy.table.SerializedColumn {name: sky_centroid.dec}
#       frame: icrs
#       ra: !astropy.table.SerializedColumn
#         __class__: astropy.coordinates.angles.core.Longitude
#         unit: *id001
#         value: !astropy.table.SerializedColumn {name: sky_centroid.ra}
#         wrap_angle: !astropy.coordinates.Angle
#           unit: *id001
#           value: 360.0
#       representation_type: spherical
# schema: astropy-2.0
label xcentroid ycentroid sky_centroid.ra sky_centroid.dec bbox_xmin bbox_xmax bbox_ymin bbox_ymax area semimajor_sigma semiminor_sigma orientation eccentricity min_value max_value local_background segment_flux segment_fluxerr kron_flux kron_fluxerr
[from data line 54]
98 4810.037104601163 2692.75764753822 176.10400202370826 20.160664330311153 4805 4815 2688 2698 93.0 2.542288635581997 2.336470709768462 26.85859153477 0.3941589937674278 -0.013830612413585186 0.11832980811595917 0.0 1.582922125220648 0.08161477160384482 1.749665752196421 0.11774329569262593
100 3982.9507458550934 2767.861290416019 176.1113442848017 20.161290196238472 3973 3993 2758 2778 336.0 3.5305305030635283 3.4811619095715276 -65.22509901656426 0.16664674576095725 -0.0057320124469697475 2.747904062271118 0.0 38.977761830799864 0.2137884817104222 39.46867345249591 0.22858349377267087
101 4945.514714813784 2781.93269383341 176.10279933256282 20.161407426266173 4937 4953 2775 2788 145.0 4.499053093204129 2.4173500076714807 -33.721698926088 0.8433899529431272 -0.012730500660836697 0.04509470984339714 0.0 1.493530140898656 inf 8.412476243376545 inf
102 4977.7221449178805 2795.3817298297304 176.10251341427173 20.161519493371625 4974 4981 2792 2799 51.0 2.057262815829185 1.7543745295678876 -39.26100201571386 0.5222846345605242 -0.003959029447287321 0.0756198987364769 0.0 1.4722719778801547 inf 2.5674532196670334 inf
103 5895.934401672396 2797.7314087810423 176.0943621747917 20.161538646402875 5893 5899 2794 2801 47.0 1.9984534230584559 1.7521341563592119 -82.0313423195782 0.4809554121679697 0.005225262138992548 0.03412161394953728 0.0 0.7441653697751462 0.050768744014312986 2.0524373668869402 0.16270189367541293
104 1918.9061666706248 2806.8173136947325 176.1296674282342 20.161613507608543 1917 1921 2806 2808 11.0 1.2616984146907837 0.6707043526933402 13.241259445795247 0.8470027622907943 0.000504912924952805 0.0070792026817798615 0.0 0.03699758509173989 0.020579201415077335 0.9692429417450641 0.09739985484337896
105 4122.510489060524 2835.5504857318556 176.11010538267846 20.161854293803408 4118 4127 2832 2839 61.0 2.410163848662013 1.8997542256033104 -8.723638130135818 0.615385652202923 -0.000412237859563902 0.043620575219392776 0.0 1.113447302923305 0.05968565893229604 3.567275821571855 0.18470873689189887
106 5191.119292688343 2901.1830149122607 176.10061898537833 20.162401104783026 5181 5201 2892 2911 211.0 6.35888122391411 2.413530642652383 40.64183404346418 0.9251701115858704 -0.0005239993333816528 0.035003021359443665 0.0 2.838197358767502 0.10855544235252063 7.239151281071326 0.3063356261552682
107 5666.995788181621 2896.765411268264 176.09639446982627 20.162364071434066 5664 5670 2894 2900 33.0 1.563400989952611 1.5527804905867566 -3.5626783833968454 0.11636261088625091 -0.00026599716511555016 0.06431033462285995 0.0 0.8095442927151453 0.045326017755301866 1.2627864975460392 0.0925494960857135
108 7497.987119222715 2907.845372001132 176.0801401233058 20.16245461811084 7495 7501 2905 2911 42.0 1.818005932216163 1.72866507676944 -53.57463186140666 0.30962798734068564 0.003824979532510042 0.03370334580540657 0.0 0.5813792170956731 0.04457950723171929 1.7112098163568614 0.14702996824865433
109 8312.587146728742 2935.966449293625 176.0729085876322 20.162687686088326 8310 8315 2933 2939 31.0 1.7688230741512307 1.3359761084113568 74.29513613137044 0.6553896089760656 0.005201552528887987 0.015006758272647858 0.0 0.3006812548264861 0.03632740920614473 1.5676055073603123 0.13741713529499908
111 5064.891419665601 2989.962285277253 176.1017395249373 20.163140973441802 5063 5067 2988 2992 20.0 1.5340165162850317 0.9940269234278161 -41.98909884213907 0.7616490863549642 0.013091794215142727 0.05774909630417824 0.0 0.7428517192602158 0.03973495011522278 2.5289495274320783 0.12725783780380107
112 1399.5112849264854 3045.783634777095 176.13427858911643 20.163604262046775 1397 1402 3043 3048 28.0 1.4721252988248401 1.4550118700940204 0.893480686537193 0.15203559436592326 0.005946352146565914 0.018465960398316383 0.0 0.3442425117827952 0.03694031176504675 1.7358719529742999 0.13110885528445146
113 6826.656598854697 3150.3681515879784 176.08609947457109 20.16447646924417 6823 6830 3144 3156 84.0 3.178318833369653 1.9962571880650213 83.42262242000781 0.7781440256800324 -0.00042453245259821415 0.021042605862021446 0.0 0.9314832268282771 0.06234203274183943 5.3382894567676455 0.22871074204982705
114 7602.11227700014 3155.3213590342325 176.079215391527 20.16451677125037 7598 7606 3151 3159 59.0 2.0369393797580613 1.9430848868306032 -57.08050763379277 0.30004907306251644 -0.0025614239275455475 0.017857126891613007 0.0 0.39038560347398743 0.04882610034797644 0.39312473052025687 0.0965242149213045
115 6931.8957407103335 3172.488792809153 176.08516519175976 20.16466069131667 6929 6936 3169 3177 45.0 2.2672815096378427 1.5945161723188284 -50.53460703595889 0.7109206285613721 -0.00024752115132287145 0.02124147303402424 0.0 0.43999293984961696 0.04781856939174509 3.0833753656599185 0.39365067679448523
116 1538.5099282276278 3180.0111866730663 176.13304482294478 20.164723005557352 1536 1541 3177 3183 34.0 1.8025830017342315 1.4068270931830509 62.3378781533744 0.625217376198535 0.004619435407221317 0.034015215933322906 0.0 0.6944738011807203 0.04169230197053366 1.8844824500509076 0.1312781673382265
117 5128.205002222529 3179.3998277796927 176.10117739965102 20.164719599665624 5127 5129 3179 3180 5.0 0.7718345341108209 0.44713449800443833 18.544767371458374 0.8151045144020778 0.007577566429972649 0.062023043632507324 0.0 0.1275040339678526 0.019772733554905282 0.35868062420252006 0.07321314142674581
118 4247.752597686226 3202.574048588104 176.10899359438554 20.16491283481493 4244 4252 3198 3207 69.0 2.169224777520904 2.0937803463754743 83.91389622579827 0.2614369480493824 -0.007301714736968279 0.10303875058889389 0.0 1.6861202068976127 0.06728361800618847 1.9919014893771272 0.11755917170905673
119 2051.9842359424774 3222.5654401996776 176.1284865160002 20.165078217393578 2044 2060 3213 3232 262.0 4.716242763685681 3.629108647959935 57.491955405315515 0.6386570711080358 -0.009328057058155537 0.02028556726872921 0.0 1.7600005844269617 0.10954119382444424 2.4226206406855244 0.26791713863151434
120 4178.50738190976 3265.919599801927 176.1096083241034 20.165440708933147 4176 4181 3264 3268 22.0 1.6094863882608565 1.0611240438573821 38.445114477540216 0.7518856126886769 -0.0052061364986002445 0.0148095628246665 0.0 0.1185553323593922 0.03428464596727906 1.9582101426426126 inf
121 1303.7870531370293 3328.324589518683 176.135128785916 20.165958640207702 1298 1310 3322 3335 144.0 3.25274247125272 2.9203330833067813 74.70355326672109 0.44039031174774607 -0.006285227835178375 0.030377868562936783 0.0 1.2866402788786218 0.07932695663753114 3.123358198701336 0.2614554320772242
122 1312.5001337077595 3348.45125681153 176.13505146455955 20.166126374366392 1309 1317 3342 3356 98.0 3.8617482857641434 1.9552297448563065 -78.23545148833865 0.8623533720562518 -0.0030168259982019663 0.009831679053604603 0.0 0.2254824600968277 0.06411164975285212 3.306151779600004 0.2808521513904279
123 7465.453950151233 3359.0884442890083 176.08042827314875 20.16621502126054 7459 7472 3351 3367 193.0 3.7084038233448764 2.918242683800549 65.61121643448283 0.6170462473706655 -0.006903352681547403 0.01967206783592701 0.0 0.6014647959527792 0.08686774428143494 0.5690949264571314 0.1563693048364238
124 7171.119133948889 3354.0916958560197 176.08304125392493 20.16617376530954 7169 7173 3352 3356 22.0 1.335055632660078 1.2133760997275784 45.48597011510776 0.41710548955636145 -0.0022133670281618834 0.013536294922232628 0.0 0.12403588648885489 0.029875227430592947 0.207934802828211 0.06667518606232774
125 5953.154826364849 3369.1646278095877 176.09385378871573 20.166300550524262 5948 5959 3362 3376 140.0 3.2748181249868606 2.6222514260014824 -88.64342911474715 0.599022855957988 -0.005197439342737198 0.058470115065574646 0.0 2.11884249720606 0.08442402478418168 2.546332049152899 0.14224676963623187
126 4114.293731289255 3375.677128393493 176.1101783961141 20.166355348011795 4109 4119 3372 3380 69.0 3.0381731010316106 1.7232129084098027 28.98024055331823 0.8235888991990994 0.006668726913630962 0.03794983774423599 0.0 1.4055453622713685 0.06478169499938978 5.387621719633863 0.2303552249116503
127 3209.98291504864 3390.196362213602 176.1182064839513 20.166476048500954 3207 3212 3387 3393 32.0 1.8829908937095292 1.303500784696531 -67.12130436109202 0.721657597890497 0.010572468861937523 0.038584865629673004 0.0 0.8284242805093527 0.04434059779523962 3.31806737679263 0.1405629859012267
128 4324.100942172453 3424.957174862187 176.1083158201006 20.16676603103943 4320 4328 3422 3428 51.0 2.3942274042489413 1.6746026933810028 30.19332383407273 0.7146977489997309 0.0042495341040194035 0.027202364057302475 0.0 0.7440928788855672 0.055185409481974486 10.60936166425451 0.2516313388432838
129 2430.4463575219856 3460.910912972913 176.12512694263512 20.167064791559252 2406 2455 3424 3498 2772.0 12.445510236917542 8.373083242272013 89.35532059178799 0.7398431205326753 -0.010030396282672882 0.13595086336135864 0.0 22.005356848638655 0.3542352198568351 26.196270011077818 inf
130 2378.5014871999665 3468.4856673240342 176.1255880959855 20.167127868588757 2377 2380 3467 3470 14.0 1.1854013602523235 0.8813273216226534 -44.940986676208425 0.6687533694982365 0.0048929923214018345 0.021478772163391113 0.0 0.1632104287855327 0.025444027829647567 0.9607870173450175 0.09743528303298521
131 2827.1030745047515 3493.5763048600156 176.12160560451943 20.167337314185623 2820 2834 3487 3501 173.0 3.593618450823095 3.3236643048621706 42.610235420816764 0.38026013738095443 -0.0011265206849202514 0.024277621880173683 0.0 1.6499211913323961 0.09546719736919226 2.7519337856690917 0.2605138328481601
132 7952.587835673828 3493.9378299596738 176.0761034865589 20.167338046328975 7949 7956 3492 3496 33.0 1.970245092196598 1.2882643899121002 9.495841444476879 0.7566155855214652 0.0017812049482017756 0.008369291201233864 0.0 0.15108176553621888 0.03713658429576782 1.7558181443410654 0.1500447000175142
133 4313.092978296691 3531.6365759716778 176.10841354820258 20.167655025683008 4312 4314 3530 3533 11.0 1.0849230774647884 0.7651994329488512 -74.9985348868948 0.7089060354286458 -0.0032946609426289797 0.014826318249106407 0.0 0.07464696676470339 0.026849021883646816 2.3701102303136854 inf
136 6658.4475078197365 3590.111716897984 176.0875922707123 20.16814117476066 6652 6665 3583 3597 169.0 3.3793683247405712 3.038023195228983 -72.86999220023253 0.4379661990485016 -0.003928021993488073 0.033514849841594696 0.0 1.5026698274023147 0.08746889535230669 1.7350373079149088 0.1743227110706299
137 2000.4213993049632 3631.9898127153497 176.12894472891014 20.168490032610407 1996 2005 3627 3637 87.0 2.4306977347316017 2.268298097220965 80.51401149414991 0.35938843819814636 -0.0027934277895838022 0.09961595386266708 0.0 2.013526745948184 0.07009894034375762 2.213568136545634 0.10111626371130249
138 5220.5451243017105 3642.64301056513 176.10035747019612 20.168579927192706 5195 5243 3631 3657 936.0 11.541594541625905 5.189248135043927 6.877914263852691 0.8932235830337598 -0.002601832151412964 0.12579555809497833 0.0 25.469111856698873 0.26413093058658865 37.84266865749731 0.5424486666278907
139 1663.9737785258249 3649.938221907882 176.13193162884556 20.168639219512876 1659 1668 3647 3653 49.0 2.2618694295639217 1.6056009375433675 -2.2581423438837995 0.7043471204965158 0.0030012889765203 0.033310361206531525 0.0 0.7265609335154295 0.048009700875064766 1.7797510416984808 0.1462745332298082
140 2227.2367475407364 3668.338297603636 176.12693117044014 20.16879316649922 2224 2230 3665 3671 36.0 1.6917507905924014 1.5680361662747788 24.13172407471319 0.3753779351701897 0.005248427856713533 0.03913416340947151 0.0 0.7254701056517661 0.043471667768863576 1.6144048505970034 0.11893082037700428
143 8121.510998728364 3720.7850776298114 176.07460344933423 20.169228165497124 8115 8127 3716 3726 100.0 3.386723252744958 2.317755926426036 31.57058243051212 0.7291392976136352 -0.00437284866347909 0.02258932963013649 0.0 0.7736371065257117 0.08542966117202977 3.062927769066885 inf
144 2294.435251971806 3730.970184787855 176.1263346642274 20.169315162566473 2289 2300 3724 3738 140.0 3.5165742048293622 2.6748332920003692 -89.81872931953298 0.6491784976969343 -0.0039038630202412605 0.019819874316453934 0.0 0.7343000699911499 0.07611880296433635 1.288396647852745 0.20206254043522337
145 8046.850612126235 3729.460431038946 176.07526624887265 20.169300582876954 8045 8048 3728 3731 13.0 1.0835975135575457 0.9291079160288448 75.73578206266403 0.514602308535278 0.013579950667917728 0.03322404623031616 0.0 0.32677021715790033 0.02717047403695198 1.6433905944896439 0.09631820120936034
146 2121.217330349236 3751.9612540519934 176.12787246954122 20.169489919823167 2118 2124 3749 3755 42.0 1.7775881452091473 1.67891163299811 63.613129506056396 0.32854436037965457 -0.00689865043386817 0.024452846497297287 0.0 0.21948219326441176 0.04135891946277229 0.40521784959989976 0.10253025170114449
147 5861.130966788676 3788.9338935476435 176.09467044346806 20.169798689736698 5858 5864 3786 3792 43.0 1.8213500433749987 1.6779358053443756 47.54363377202065 0.38894878996391763 0.007605395745486021 0.1300063282251358 0.0 2.152310637291521 0.058684916575274304 2.8003446650338426 inf
148 2760.1526429078967 3801.8689817056247 176.1222002035858 20.16990637213018 2754 2767 3793 3811 163.0 4.870268659228059 2.3445231964771587 -63.08869033955186 0.8765037429579218 -0.0005675978609360754 0.043314363807439804 0.0 2.997839640825987 0.09301287297918191 5.144059416608191 0.21718448293395462
149 5716.468983822422 3814.341960931854 176.0959547022234 20.17001051369616 5711 5722 3808 3820 117.0 2.671852750952573 2.5553158423942355 85.41534720209083 0.29211407317087307 -0.010781620629131794 0.08938463777303696 0.0 1.1467458971346787 0.07505388203812156 1.2513119158776824 0.11522426201981613
150 2616.7605118469687 3811.395538257418 176.1234732137493 20.169985651449473 2614 2619 3809 3814 27.0 1.4716038529066426 1.3801878608391807 -33.50718917193623 0.3469597318688793 0.003295321948826313 0.05066328123211861 0.0 0.7204541699029505 0.04030179713434588 1.6195167692756638 0.11309787975225691
151 7328.90592104726 3828.643449192332 176.08163983149518 20.170128161942827 7328 7330 3827 3830 11.0 1.079313829336488 0.7637560405358462 74.8959352656027 0.7065820656594662 -0.0011461011599749327 0.01048443466424942 0.0 0.04619633252514177 0.02040371206328093 0.25136859814651735 0.08868099544835863
152 6019.450887201408 3933.7294560308724 176.09326480490716 20.17100521012731 6010 6029 3924 3944 322.0 3.535958620761577 3.46785540233297 66.1027660437649 0.1953187547621624 -0.00877484679222107 0.7104635238647461 0.0 17.11425709348987 0.1676334209662349 17.469164972450358 0.1878321941325316
153 1725.9778496624335 3970.814157904106 176.13138158116416 20.171313259802563 1722 1730 3967 3975 63.0 2.4418799334750463 1.8724400130094634 44.385538672878965 0.6418829256773497 -0.005591514520347118 0.01676068641245365 0.0 0.361632069631014 0.05093802546838161 1.074665282922831 0.1646382955413674
154 7248.403328077568 3979.804060342711 176.08235431084867 20.17138793745495 7241 7256 3972 3987 206.0 3.0828455144553075 3.0211591092227317 80.91616824741709 0.19904459825223855 -0.006007179152220488 0.10786648839712143 0.0 1.7685932942622458 0.09348227241372713 1.8918616654799152 0.12000253306673822
155 4399.833046070266 4001.4003785353125 176.10764349890528 20.171569725315717 4385 4413 3987 4015 603.0 3.889858104028266 3.8204575543061097 -32.08348896207389 0.18805451947422652 -0.008040874265134335 8.448491096496582 0.0 181.88939762146765 0.4137431096504931 181.63862607854267 0.4115221356085705
156 4636.093297965776 4022.260293602598 176.10554601013555 20.171743544513028 4631 4641 4017 4027 96.0 2.473181387750288 2.349656410768975 44.20953807248102 0.31208489508539816 -0.0012633961159735918 0.23707018792629242 0.0 4.167409523623064 0.09362969486477564 4.625469286472499 0.13085039400173135
