Data/Catalogs/Detection-F475W_Analysis-F814W_Catalog.ecsv
# %ECSV 1.0
# ---
# datatype:
# - {name: label, datatype: int64}
# - {name: xcentroid, datatype: float64}
# - {name: ycentroid, datatype: float64}
# - {name: sky_centroid.ra, unit: deg, datatype: float64}
# - {name: sky_centroid.dec, unit: deg, datatype: float64}
# - {name: bbox_xmin, datatype: int64}
# - {name: bbox_xmax, datatype: int64}
# - {name: bbox_ymin, datatype: int64}
# - {name: bbox_ymax, datatype: int64}
# - {name: area, unit: pix2, datatype: float64}
# - {name: semimajor_sigma, unit: pix, datatype: float64}
# - {name: semiminor_sigma, unit: pix, datatype: float64}
# - {name: orientation, unit: deg, datatype: float64}
# - {name: eccentricity, datatype: float64}
# - {name: min_value, datatype: float64}
# - {name: max_value, datatype: float64}
# - {name: local_background, datatype: float64}
# - {name: segment_flux, datatype: float64}
# - {name: segment_fluxerr, datatype: float64}
# - {name: kron_flux, datatype: float64}
# - {name: kron_fluxerr, datatype: float64}
# meta: !!omap
# - {date: '2025-03-07 10:22:20 CST'}
# - version: {Python: 3.12.5, astropy: 6.1.2, bottleneck: null, gwcs: 0.21.0, matplotlib: 3.10.0, numpy: 1.26.4, photutils: 1.12.0, scipy: 1.14.0,
#     skimage: 0.24.0, sklearn: 1.5.1}
# - {localbkg_width: 0}
# - {apermask_method: correct}
# - kron_params: !!python/tuple [2.5, 1.4, 0.0]
# - __serialized_columns__:
#     area:
#       __class__: astropy.units.quantity.Quantity
#       unit: !astropy.units.Unit {unit: pix2}
#       value: !astropy.table.SerializedColumn {name: area}
#     eccentricity:
#       __class__: astropy.units.quantity.Quantity
#       unit: !astropy.units.Unit {unit: ''}
#       value: !astropy.table.SerializedColumn {name: eccentricity}
#     orientation:
#       __class__: astropy.units.quantity.Quantity
#       unit: &id001 !astropy.units.Unit {unit: deg}
#       value: !astropy.table.SerializedColumn {name: orientation}
#     semimajor_sigma:
#       __class__: astropy.units.quantity.Quantity
#       unit: !astropy.units.Unit {unit: pix}
#       value: !astropy.table.SerializedColumn {name: semimajor_sigma}
#     semiminor_sigma:
#       __class__: astropy.units.quantity.Quantity
#       unit: !astropy.units.Unit {unit: pix}
#       value: !astropy.table.SerializedColumn {name: semiminor_sigma}
#     sky_centroid:
#       __class__: astropy.coordinates.sky_coordinate.SkyCoord
#       dec: !astropy.table.SerializedColumn
#         __class__: astropy.coordinates.angles.core.Latitude
#         unit: *id001
#         value: !astropy.table.SerializedColumn {name: sky_centroid.dec}
#       frame: icrs
#       ra: !astropy.table.SerializedColumn
#         __class__: astropy.coordinates.angles.core.Longitude
#         unit: *id001
#         value: !astropy.table.SerializedColumn {name: sky_centroid.ra}
#         wrap_angle: !astropy.coordinates.Angle
#           unit: *id001
#           value: 360.0
#       representation_type: spherical
# schema: astropy-2.0
label xcentroid ycentroid sky_centroid.ra sky_centroid.dec bbox_xmin bbox_xmax bbox_ymin bbox_ymax area semimajor_sigma semiminor_sigma orientation eccentricity min_value max_value local_background segment_flux segment_fluxerr kron_flux kron_fluxerr
[from data line 324]
412 5698.669187011693 5703.638358581239 176.09611155201785 20.185754660302692 5692 5704 5696 5710 113.0 3.6901491215454314 2.336761461501322 58.296150626633796 0.7739529565426437 0.013323599472641945 0.080726258456707 0.0 4.445681310258806 0.14404495987926563 16.929525548095732 0.455529201688103
413 1995.3309786098146 5930.4575441523675 176.12899253187183 20.187643923376434 1990 2001 5926 5937 91.0 3.1752946229259784 2.160555614982895 44.02792503080438 0.7328160383017812 0.00876919087022543 0.04840574786067009 0.0 2.47956142667681 0.12137235253007833 10.346101748790774 0.3943392224760208
414 1983.9948353783636 5930.649166364932 176.12909318318808 20.18764550810014 1978 1990 5926 5937 106.0 3.0379521326586785 2.621848174120632 -21.771765441209578 0.5051502255539883 0.011538499966263771 0.07740424573421478 0.0 3.673157025128603 0.1363754894609813 12.639553268887868 0.4259605088293868
415 1989.7942410279868 5944.004433929931 176.12904170676597 20.18775680819445 1977 2000 5932 5955 341.0 5.470611496454077 4.909213493669914 -43.98523945193809 0.44126001293409783 0.004730435088276863 0.08671988546848297 0.0 11.829240129794925 0.2470257410399265 31.73684599130769 0.7187150546539548
416 2005.9723362698196 5947.672593064812 176.12889806909837 20.187787393432316 2001 2010 5943 5952 72.0 2.3966011911878806 2.2531092114267106 64.51797812067224 0.3408246483309046 0.00419484032317996 0.048654407262802124 0.0 1.579920066986233 0.10625628705153506 7.066382682617705 0.35993131125383093
417 1996.6298879535211 5957.565949763172 176.12898102993532 20.187869828114746 1993 2000 5953 5962 63.0 2.4585204445695212 1.9575179391111024 74.33970840702253 0.6050099881449389 0.011131555773317814 0.05016254261136055 0.0 1.4309178544208407 0.0988244208327534 7.493024927823893 0.35367667432440253
418 3094.5446965165847 6432.538686999503 176.1192331656535 20.191828836492586 3087 3102 6424 6442 240.0 4.299750353257582 3.740200919809051 84.05864704761872 0.49329043860624194 0.005373632535338402 0.09146451950073242 0.0 10.236742329783738 0.23205566279875425 22.50112622411224 0.5912138967497054
419 3101.642477406641 6442.046159504529 176.1191701501506 20.19190806950957 3099 3104 6439 6445 31.0 1.6217326163372732 1.4882585450157388 -86.34626635193598 0.39728190066224744 0.010255783796310425 0.04524189233779907 0.0 0.7875780295580626 0.07431933581702647 6.475473667044995 0.28921365687178585
420 5514.1112982445275 7313.0390457995745 176.0977493225394 20.19916643111278 5510 5518 7311 7315 32.0 2.0414153757110167 1.2224528281011842 7.140530229117348 0.8008790733420513 0.013355573639273643 0.05874486267566681 0.0 1.0505321007221937 0.07390546961541357 8.587815214047662 inf
421 5521.552654503477 7315.112068039713 176.0976832463879 20.199183702553267 5518 5525 7313 7318 36.0 2.2973291211358635 1.2281771074954975 21.822866882548972 0.8450983514104662 -2.8557054974953644e-05 0.05442420020699501 0.0 1.0478553344455577 0.07854027785036341 6.669472881613995 0.2740799374104769
422 6959.2467035873115 7339.300368356404 176.08491730546208 20.19938408558341 6944 6976 7326 7356 680.0 7.389604505424642 6.61459504905627 26.908649521626657 0.44582195372659084 0.003805177751928568 0.08622091263532639 0.0 28.432556873187423 inf 96.53106803965113 inf
423 6940.871915478311 7340.8914048235965 176.08508046147958 20.1993973651911 6933 6949 7329 7352 289.0 6.534179651110493 3.2738261786432665 68.42659824530274 0.8654293710379101 0.001332086161710322 0.06511185318231583 0.0 8.944702535984106 inf 54.992422278378925 inf
424 6978.4967680469435 7346.285051789639 176.0847463669704 20.199442269128323 6971 6986 7336 7355 196.0 4.705136594158416 3.2579142661905833 65.83272017842859 0.7214980074399303 0.0124745424836874 0.05637195333838463 0.0 5.982062969356775 0.23005253419639665 32.5396737522069 inf
425 6956.618306303597 7358.729842235045 176.08494062051062 20.199546000831457 6953 6960 7354 7364 66.0 2.716418853292413 1.8795935191544482 80.24709284849126 0.7219568948192281 0.003022566670551896 0.05072466656565666 0.0 1.5463868675287813 inf 17.745771818213008 inf
426 6222.053507721002 7467.550329954542 176.09146306159187 20.20045355833285 6206 6240 7455 7480 619.0 8.203737212859082 5.495577576005196 -17.929745239349128 0.7424629947106044 0.0008116809767670929 0.10822880268096924 0.0 20.698076143220533 0.3300054213913381 57.97753618995502 1.0413330572211434
427 6240.388538914275 7460.23844044424 176.0913002619596 20.20039261088308 6236 6244 7456 7465 62.0 2.3409180508558127 2.0498485585589816 73.08912073257895 0.48292791519210854 0.0019084166269749403 0.03540804237127304 0.0 1.2081674088258296 0.13108533132895658 10.39941200240498 0.4034869738067426
428 6048.2440346008625 7645.628111596327 176.09300626405496 20.20193767471687 6046 6051 7643 7648 26.0 1.530872333825179 1.332880053653359 -29.438494345300512 0.4918728894931149 -0.006378313060849905 0.03218180313706398 0.0 0.38775224654818885 0.0943292348538514 2.0302035301761894 0.23310797781153605
429 6054.579223201336 7649.816596818612 176.0929500068538 20.201972574057894 6050 6059 7645 7655 71.0 2.6887202711757263 1.9692873902295573 62.85940880524207 0.6808471427460474 0.00534419110044837 0.049424149096012115 0.0 1.2319836015813053 0.10741604980865956 4.865368951675754 0.3596290548035183
