Data/Catalogs/Detection-F814W_Analysis-F275W_Catalog.ecsv
# %ECSV 1.0
# ---
# datatype:
# - {name: label, datatype: int64}
# - {name: xcentroid, datatype: float64}
# - {name: ycentroid, datatype: float64}
# - {name: sky_centroid.ra, unit: deg, datatype: float64}
# - {name: sky_centroid.dec, unit: deg, datatype: float64}
# - {name: bbox_xmin, datatype: int64}
# - {name: bbox_xmax, datatype: int64}
# - {name: bbox_ymin, datatype: int64}
# - {name: bbox_ymax, datatype: int64}
# - {name: area, unit: pix2, datatype: float64}
# - {name: semimajor_sigma, unit: pix, datatype: float64}
# - {name: semiminor_sigma, unit: pix, datatype: float64}
# - {name: orientation, unit: deg, datatype: float64}
# - {name: eccentricity, datatype: float64}
# - {name: min_value, datatype: float64}
# - {name: max_value, datatype: float64}
# - {name: local_background, datatype: float64}
# - {name: segment_flux, datatype: float64}
# - {name: segment_fluxerr, datatype: float64}
# - {name: kron_flux, datatype: float64}
# - {name: kron_fluxerr, datatype: float64}
# meta: !!omap
# - {date: '2025-03-07 10:22:21 CST'}
# - version: {Python: 3.12.5, astropy: 6.1.2, bottleneck: null, gwcs: 0.21.0, matplotlib: 3.10.0, numpy: 1.26.4, photutils: 1.12.0, scipy: 1.14.0,
#     skimage: 0.24.0, sklearn: 1.5.1}
# - {localbkg_width: 0}
# - {apermask_method: correct}
# - kron_params: !!python/tuple [2.5, 1.4, 0.0]
# - __serialized_columns__:
#     area:
#       __class__: astropy.units.quantity.Quantity
#       unit: !astropy.units.Unit {unit: pix2}
#       value: !astropy.table.SerializedColumn {name: area}
#     eccentricity:
#       __class__: astropy.units.quantity.Quantity
#       unit: !astropy.units.Unit {unit: ''}
#       value: !astropy.table.SerializedColumn {name: eccentricity}
#     orientation:
#       __class__: astropy.units.quantity.Quantity
#       unit: &id001 !astropy.units.Unit {unit: deg}
#       value: !astropy.table.SerializedColumn {name: orientation}
#     semimajor_sigma:
#       __class__: astropy.units.quantity.Quantity
#       unit: !astropy.units.Unit {unit: pix}
#       value: !astropy.table.SerializedColumn {name: semimajor_sigma}
#     semiminor_sigma:
#       __class__: astropy.units.quantity.Quantity
#       unit: !astropy.units.Unit {unit: pix}
#       value: !astropy.table.SerializedColumn {name: semiminor_sigma}
#     sky_centroid:
#       __class__: astropy.coordinates.sky_coordinate.SkyCoord
#       dec: !astropy.table.SerializedColumn
#         __class__: astropy.coordinates.angles.core.Latitude
#         unit: *id001
#         value: !astropy.table.SerializedColumn {name: sky_centroid.dec}
#       frame: icrs
#       ra: !astropy.table.SerializedColumn
#         __class__: astropy.coordinates.angles.core.Longitude
#         unit: *id001
#         value: !astropy.table.SerializedColumn {name: sky_centroid.ra}
#         wrap_angle: !astropy.coordinates.Angle
#           unit: *id001
#           value: 360.0
#       representation_type: spherical
# schema: astropy-2.0
label xcentroid ycentroid sky_centroid.ra sky_centroid.dec bbox_xmin bbox_xmax bbox_ymin bbox_ymax area semimajor_sigma semiminor_sigma orientation eccentricity min_value max_value local_background segment_flux segment_fluxerr kron_flux kron_fluxerr
5 2536.5044595152112 372.9083835939071 176.12418268528256 20.141331531878304 2531 2547 368 381 20.0 4.245424227281555 2.4514490358232743 -53.29415540599518 0.8164379105305821 nan nan nan nan nan nan nan
15 3415.4010182454444 756.8009847572018 176.11638165187614 20.144531188474485 3410 3421 752 762 98.0 2.7411526268940323 2.4415444872893706 -43.84386394146189 0.45459169850017866 nan nan nan nan nan nan nan
17 2148.324562006545 772.6507916389157 176.1276286501313 20.14466236402305 2143 2154 766 779 122.0 3.427815494625536 2.4872863904289555 -60.08072344411442 0.6880972097339488 nan nan nan nan nan nan nan
18 3606.8061438619707 833.6046548983753 176.11468270638892 20.145171293705438 3606 3608 833 834 5.0 0.7734270871060602 0.44636422793413016 18.41375120772147 0.8166557137858367 nan nan nan nan nan nan nan
26 3428.3652003725756 1023.1901422020749 176.1162666991191 20.14675110311626 3422 3435 1017 1030 134.0 3.9183318694845486 2.5391463578178564 -52.66976642749026 0.761625720360249 nan nan nan nan nan nan nan
28 4013.974966533381 1038.5031528393952 176.11106856545274 20.1468788857543 4012 4016 1036 1041 26.0 1.4968943050335461 1.272510850802154 87.72093428606003 0.526620215908763 nan nan nan nan nan nan nan
31 2726.250544585986 1135.8079181163716 176.122499074151 20.14768917441105 2721 2732 1130 1142 122.0 2.7454288585574433 2.5617322383333914 -86.40487235638984 0.3596429272334226 nan nan nan nan nan nan nan
32 4074.06699921188 1158.4328003938986 176.11053517901587 20.14787830851321 4067 4080 1150 1165 166.0 3.8240905494854918 3.064499314833493 72.29712612731505 0.5981732244719128 nan nan nan nan nan nan nan
33 5200.087876741465 1197.3061905196698 176.10054002263306 20.148202129800435 5195 5205 1193 1202 88.0 2.419603019361733 2.331439752064978 -4.131114890530104 0.2674817713713585 nan nan nan nan nan nan nan
34 4211.657801508279 1201.3037298519173 176.10931385579528 20.148235581323547 4207 4216 1199 1204 44.0 2.471158742699821 1.3483230506651003 -3.1970502229038575 0.8380302243473224 nan nan nan nan nan nan nan
35 3092.991852894077 1218.7168456914617 176.11924374445482 20.14838032345929 3091 3095 1215 1222 34.0 1.9130047158509302 1.3148003455389121 89.77798373193475 0.7263775269110555 -0.005702677648514509 0.006624657195061445 0.0 -0.013369917694944888 inf 0.011814866403122473 inf
37 5688.525571790301 1264.0102557662217 176.09620434802545 20.148757767951807 5686 5691 1261 1267 26.0 1.8434145756287263 1.0822950743004105 43.701429173519315 0.8095040385736665 nan nan nan nan nan nan nan
38 5101.864472981457 1294.0161705763107 176.10141187333662 20.149008079357472 5099 5105 1290 1298 43.0 2.1280288730115817 1.5541557140130589 -71.45591678898991 0.6830983212205582 -0.003264570375904441 0.010445991531014442 0.0 0.09628221453749575 0.0348861893790911 0.7630355196233314 inf
40 5097.8751359357875 1306.3891677608965 176.10144728085172 20.149111188905323 5092 5104 1300 1313 126.0 3.6242982914324497 2.6157064660240885 -57.053238814716764 0.6921914778629387 -0.008782063610851765 0.010151686146855354 0.0 0.22873083488229895 inf 1.3946286855053331 inf
43 4922.015659829789 1362.6290665515337 176.10300829831732 20.14957990309692 4920 4924 1360 1365 23.0 1.6802710678410215 1.036752366213162 51.0456960408804 0.786951430176852 -0.002207292942330241 0.011785945855081081 0.0 0.05053546828276012 0.01963994736401412 0.16562943375315625 inf
46 5692.007296164049 1467.0671365628107 176.09617331691146 20.150449906259933 5680 5705 1446 1490 785.0 9.396531990618477 5.464880696609353 -76.1126601177543 0.8134857443547654 -0.008952873758971691 0.01419801451265812 0.0 1.4571070189308557 inf 2.5967612792437706 inf
48 4718.882996825581 1502.5196487211126 176.1048114063634 20.150745696595212 4715 4723 1498 1507 56.0 2.5617150053841153 1.5532002882212952 59.126291517943535 0.7952263420311527 -0.00488441763445735 0.006886607501655817 0.0 0.02909040593112877 0.024712831525914986 0.11855880206022612 0.05390872155859136
49 2321.201237570338 1506.3999302644368 176.1260948595336 20.15077710421177 2320 2322 1506 1507 5.0 0.7728993544454771 0.4475559904857829 18.42844931956818 0.8152841114381623 -0.0012577604502439499 0.003931186627596617 0.0 0.004327791539253667 0.007232192236995607 0.10395859409188427 0.03490805340716863
51 1798.104566237991 1547.9321648641655 176.1307382718988 20.151122663845584 1762 1833 1517 1579 3211.0 12.903314288624339 9.681286892301245 24.765762404231054 0.6611036450941955 nan nan nan nan nan nan nan
52 6290.526291359368 1527.7509224100077 176.09086041195027 20.150955178206498 6286 6296 1521 1534 109.0 3.4325140173304933 2.478791154120275 73.02579853908648 0.6917361425261007 -0.004113922826945782 0.007863989099860191 0.0 0.1336008687831054 0.0353211920280221 0.5167078795282173 inf
53 6218.668389733578 1530.9642757089946 176.091498269457 20.150982015727063 6216 6221 1529 1533 22.0 1.3823442730216333 1.1941065619994142 36.38472002039975 0.5037882437464487 -0.004001597408205271 0.005789034068584442 0.0 0.019439057941781357 0.015416302622767384 0.023215392930913438 0.03872677617601447
54 2478.303042678283 1588.7897654148594 176.12470039188577 20.15146382511357 2473 2482 1586 1592 40.0 2.7354911235279773 1.1884401093752417 31.22318787369004 0.900694895396736 -0.006079829763621092 0.006173014175146818 0.0 0.025106689121457748 0.02141219353357331 0.16281371509387255 inf
59 7714.207842584675 1813.2007324970753 176.0782223836759 20.153332271993442 7711 7718 1810 1816 42.0 1.9603114468393512 1.5746815317506864 -21.01132344696695 0.5955998233065171 nan nan nan nan nan nan nan
60 3296.0476639852786 1829.7868972683425 176.11744162785578 20.153472680935124 3288 3304 1820 1841 269.0 4.392246269726723 3.401845532371457 75.52885819890514 0.6325597486655916 -0.003742506494745612 0.015912827104330063 0.0 0.6021024873989518 0.055625280138467924 0.8986551361384421 0.11264791877434323
63 4761.6491577992165 1853.4064417396653 176.10443172310633 20.153669746101876 4757 4767 1849 1859 76.0 3.418057637961627 1.7001985481509339 -45.948950399932976 0.8675118118616305 -0.00440919678658247 0.008324611000716686 0.0 0.039191947482322576 0.028420150470019705 0.51540061234145 0.11486117593321575
64 8572.444126576636 1856.102988265547 176.07060388717082 20.15368835791522 8566 8584 1851 1864 14.0 4.324601910160688 2.7551299662758426 -42.09580932932903 0.7707952819917884 nan nan nan nan nan nan nan
65 5052.293445181892 1860.7344811886367 176.10185171657028 20.153730746292553 5049 5055 1858 1863 34.0 1.7604249906057317 1.4280020026039772 -24.118753628576027 0.5848119494223682 -0.005448637530207634 0.01048325840383768 0.0 0.1301625351770781 0.019970855117886037 0.2530043834706473 inf
66 2209.502990344274 1870.001586350698 176.1270867451518 20.153807011820142 2209 2210 1869 1871 6.0 0.8127492001464164 0.499990381561636 -89.92647042105575 0.7883834908482094 0.000859883613884449 0.004275553859770298 0.0 0.013579233200289309 0.009099027636395918 0.08031242445294824 0.03440093607403403
67 2353.898290212438 1879.472604341121 176.12580497862285 20.1538860723962 2350 2358 1876 1883 58.0 2.1169775776008977 1.879393259903043 32.438079225079576 0.4602836176021154 -0.005628921091556549 0.005704563111066818 0.0 0.059496752117411233 0.026223827926861547 0.1103985729211785 0.05697330799525105
68 8150.7921694048355 1883.423339905961 176.07434677657636 20.153916772313796 8144 8157 1879 1888 101.0 3.3817578055763486 2.264999741361403 14.894003624293846 0.7425686635020867 nan nan nan nan nan nan nan
69 5653.784675769949 1966.4235155767276 176.09651230691924 20.154611230531767 5652 5656 1964 1969 19.0 1.4673333895605085 1.0157274491934665 -60.65146342485103 0.7216800553351785 -0.0042485021986067295 0.006952482275664806 0.0 0.013809171694447286 0.013978577779582025 0.13319038298623295 0.05861441252032449
72 4112.296992867461 2017.0801442893346 176.1101959431204 20.155033706930066 4103 4123 2005 2028 379.0 5.168125507522464 4.291248717747482 -63.40640263268638 0.5572722777182426 -0.006823310162872076 0.01614181324839592 0.0 1.0826184024826944 0.06882804195668034 1.2453360207808053 0.13180816296132758
73 8192.76889859859 2021.398095585865 176.07397390634802 20.155066490995395 8187 8199 2017 2026 108.0 3.0784921665199017 2.3850964787808437 -15.726401810095096 0.6322538932260251 nan nan nan nan nan nan nan
74 7811.329940628402 2035.2473794237574 176.0773598876658 20.15518251453181 7796 7826 2018 2052 811.0 4.271059348223611 4.123182030839732 -63.458742878986385 0.26085904634578766 nan nan nan nan nan nan nan
75 2212.2901692948526 2024.9604916713643 176.12706216386098 20.155098338502597 2205 2220 2020 2030 129.0 3.634103497841585 2.399775609077728 13.685757608887275 0.7509590948946094 -0.0059207770973443985 0.006918156519532204 0.0 -0.013224811847976525 0.03801522666185958 0.30461342960179427 inf
76 8664.96027486765 2085.9893577912594 176.06978216980735 20.15560390299788 8652 8675 2073 2103 463.0 6.412159296465908 5.490002798331477 -82.75566068990024 0.5166672607587801 nan nan nan nan nan nan nan
77 7688.737598560298 2144.759476004921 176.0784479598147 20.156095298348312 7654 7721 2096 2192 4400.0 14.183290018481069 9.602066463205155 69.6504827063425 0.7359843702344332 nan nan nan nan nan nan nan
78 8516.171387839026 2120.6268103312714 176.071102893746 20.155892826370998 8508 8525 2112 2130 252.0 3.9676097490165474 3.46419922105979 69.21001968297404 0.4875054409397214 nan nan nan nan nan nan nan
79 4576.87236613728 2127.1234389605315 176.10607193379886 20.15595074373711 4576 4578 2126 2128 8.0 0.8626133744430361 0.68380461116947 45.17693959913519 0.6095953679788376 -0.003123827511444688 0.004037791397422552 0.0 -0.0015477792476303875 0.009394892962797158 0.007521609483368454 0.04271303811765675
80 4622.780482257914 2128.389755279271 176.1056644084743 20.155961292093075 4621 4625 2126 2131 23.0 1.4920730733829521 1.1972500870815592 -81.0114132521176 0.5967769952923048 -0.0023597534745931625 0.004562167450785637 0.0 0.02666658418092993 0.016157972421679705 0.06362622198788889 0.0763049827729647
81 6547.507355621729 2143.271607499456 176.08857864104226 20.15608428440349 6546 6549 2142 2145 14.0 1.040244982686295 1.0110246050353446 7.218979655571607 0.23535241177197172 -0.0028578252531588078 0.0050226482562720776 0.0 0.0048606341442791745 0.01209635625127673 0.05498541618353555 0.04194754935391504
82 6587.837204059574 2161.7243368121417 176.08822061449587 20.15623801805664 6582 6594 2156 2168 126.0 2.770658807507894 2.615679472250661 74.99823093945906 0.3297620402852338 -0.009394282475113869 0.007955864071846008 0.0 -0.0061708088804834915 0.038008313046567106 -0.012754135398601572 0.05586119502407022
83 6616.924122368671 2175.004155911559 176.08796239618556 20.156348654572923 6614 6619 2172 2178 32.0 1.7547070114410352 1.3710842937066179 88.9578315160283 0.6240617100589292 -0.00460700923576951 0.006093825679272413 0.0 0.043588214641204104 0.01884899273619859 0.18769214664566802 0.06848739213458406
84 5309.172225603105 2204.9263000839455 176.09957129261838 20.15659892077722 5305 5314 2200 2210 86.0 2.379661952601255 2.245610754226077 74.4848829769214 0.33089389572064143 -0.006752350367605686 0.005744587164372206 0.0 -0.012410474570060614 0.03052069760435934 -0.025102776439725236 0.047115280912940344
85 3516.52989858097 2222.773159704175 176.11548460665284 20.156747662561614 3514 3519 2220 2225 28.0 1.4454006756450994 1.4196961942964148 5.146204685915505 0.18775254143946749 -0.004895284306257963 0.008264427073299885 0.0 0.01978384467656724 0.018810535902369745 0.0161811032285286 0.03951580569696017
87 3536.1368962037777 2344.6299303219553 176.11531060431673 20.157763143086594 3533 3539 2342 2348 31.0 1.8524825530672822 1.291749392285767 -52.06804969254729 0.7167724124815333 -0.0024180752225220203 0.00916972104460001 0.0 0.051260992256175086 0.018564229609978986 0.0742224786262152 0.07260631685734487
89 7785.65516358684 2475.7785818069806 176.0775870913501 20.158853645964026 7775 7795 2468 2482 156.0 5.975720269840622 1.9519869379489492 -30.969613824465455 0.945144337797008 nan nan nan nan nan nan nan
91 5231.054747916987 2587.4894100681468 176.10026458979837 20.159786976986386 5228 5234 2584 2591 46.0 1.9820745256097165 1.6786742150482947 57.3939878606631 0.5317077512022625 -0.004109379835426807 0.011013519018888474 0.0 0.12876415076607373 0.023126396288294444 0.14913452933356466 0.055848741318340965
92 6489.108372538875 2588.9639481318295 176.0890966040284 20.159798442023746 6486 6492 2586 2592 40.0 1.9305396699081132 1.546112825065651 49.435543318276544 0.5988371918042896 -0.0035192419309169054 0.006496891379356384 0.0 0.04095092025227132 0.020956832529525238 0.15510529940160409 inf
93 8539.31861294299 2594.8514019190466 176.0708964832888 20.15984465421268 8535 8543 2591 2599 66.0 2.148124930206967 2.072034485894761 -58.27088793627759 0.2637970611898911 nan nan nan nan nan nan nan
94 4702.420602520669 2609.162124962731 176.10495737392114 20.15996771852253 4695 4710 2602 2616 187.0 3.1336185576147075 3.0333067848749797 29.242433347928678 0.2509944784441715 -0.008445987477898598 0.008457737043499947 0.0 0.01740175799568533 0.04573430474573712 0.013837632774144393 0.06406350742927998
95 6965.005191161328 2631.34597127982 176.08487192455053 20.160151130665273 6963 6967 2629 2633 17.0 1.160985485178896 1.1120130310723242 1.8444121960999036 0.28737482507291146 -0.004381857346743345 0.0026767095550894737 0.0 -0.005986454663798213 0.01362440016449369 -0.0467433181302675 0.03868842087252829
96 8344.097546671435 2656.5716822909303 176.07262938262946 20.160359341693646 8342 8346 2654 2659 21.0 1.4627362770725048 1.101742521095261 65.36253976510378 0.6577840963900573 nan nan nan nan nan nan nan
97 3846.1250625949447 2682.510293350737 176.11255890247628 20.1605789090017 3840 3852 2675 2689 154.0 3.40556183310433 2.8812830114017016 -88.75155635007353 0.5331000933433347 -0.005264583043754101 0.027082234621047974 0.0 0.6187810700184855 0.045294433764421604 0.6760866180007045 0.0942853952411573
98 4810.037104601163 2692.75764753822 176.10400202370826 20.160664330311153 4805 4815 2688 2698 93.0 2.542288635581997 2.336470709768462 26.85859153477 0.3941589937674278 -0.006068617571145296 0.00564888259395957 0.0 -0.03732976691026124 0.032950188878929074 0.009581576251658716 0.052601941984298066
100 3982.9507458550934 2767.861290416019 176.1113442848017 20.161290196238472 3973 3993 2758 2778 336.0 3.5305305030635283 3.4811619095715276 -65.22509901656426 0.16664674576095725 -0.006655368022620678 0.023154491558670998 0.0 0.441995889296237 0.06505599154905024 0.34426608521819324 0.07709762689881892
101 4945.514714813784 2781.93269383341 176.10279933256282 20.161407426266173 4937 4953 2775 2788 145.0 4.499053093204129 2.4173500076714807 -33.721698926088 0.8433899529431272 -0.008189953863620758 0.007899999618530273 0.0 0.17226676313111966 0.040899199141627395 0.8783407157984624 inf
102 4977.7221449178805 2795.3817298297304 176.10251341427173 20.161519493371625 4974 4981 2792 2799 51.0 2.057262815829185 1.7543745295678876 -39.26100201571386 0.5222846345605242 -0.004574380349367857 0.011022237129509449 0.0 0.18165561580099165 0.024888484879126066 0.30865304431024254 0.04891876479980072
103 5895.934401672396 2797.7314087810423 176.0943621747917 20.161538646402875 5893 5899 2794 2801 47.0 1.9984534230584559 1.7521341563592119 -82.0313423195782 0.4809554121679697 -0.005742991343140602 0.0095317168161273 0.0 0.03411641540151322 0.02398247193767798 -0.0019041597943736804 0.07872988827638505
104 1918.9061666706248 2806.8173136947325 176.1296674282342 20.161613507608543 1917 1921 2806 2808 11.0 1.2616984146907837 0.6707043526933402 13.241259445795247 0.8470027622907943 nan nan nan nan nan nan nan
105 4122.510489060524 2835.5504857318556 176.11010538267846 20.161854293803408 4118 4127 2832 2839 61.0 2.410163848662013 1.8997542256033104 -8.723638130135818 0.615385652202923 -0.0019152176100760698 0.007116239983588457 0.0 0.19088595361972693 0.027996873498461756 0.6439041100796823 inf
