Data/Catalogs/Detection-F475W_Analysis-F275W_Catalog.ecsv
# %ECSV 1.0
# ---
# datatype:
# - {name: label, datatype: int64}
# - {name: xcentroid, datatype: float64}
# - {name: ycentroid, datatype: float64}
# - {name: sky_centroid.ra, unit: deg, datatype: float64}
# - {name: sky_centroid.dec, unit: deg, datatype: float64}
# - {name: bbox_xmin, datatype: int64}
# - {name: bbox_xmax, datatype: int64}
# - {name: bbox_ymin, datatype: int64}
# - {name: bbox_ymax, datatype: int64}
# - {name: area, unit: pix2, datatype: float64}
# - {name: semimajor_sigma, unit: pix, datatype: float64}
# - {name: semiminor_sigma, unit: pix, datatype: float64}
# - {name: orientation, unit: deg, datatype: float64}
# - {name: eccentricity, datatype: float64}
# - {name: min_value, datatype: float64}
# - {name: max_value, datatype: float64}
# - {name: local_background, datatype: float64}
# - {name: segment_flux, datatype: float64}
# - {name: segment_fluxerr, datatype: float64}
# - {name: kron_flux, datatype: float64}
# - {name: kron_fluxerr, datatype: float64}
# meta: !!omap
# - {date: '2025-03-07 10:22:21 CST'}
# - version: {Python: 3.12.5, astropy: 6.1.2, bottleneck: null, gwcs: 0.21.0, matplotlib: 3.10.0, numpy: 1.26.4, photutils: 1.12.0, scipy: 1.14.0,
#     skimage: 0.24.0, sklearn: 1.5.1}
# - {localbkg_width: 0}
# - {apermask_method: correct}
# - kron_params: !!python/tuple [2.5, 1.4, 0.0]
# - __serialized_columns__:
#     area:
#       __class__: astropy.units.quantity.Quantity
#       unit: !astropy.units.Unit {unit: pix2}
#       value: !astropy.table.SerializedColumn {name: area}
#     eccentricity:
#       __class__: astropy.units.quantity.Quantity
#       unit: !astropy.units.Unit {unit: ''}
#       value: !astropy.table.SerializedColumn {name: eccentricity}
#     orientation:
#       __class__: astropy.units.quantity.Quantity
#       unit: &id001 !astropy.units.Unit {unit: deg}
#       value: !astropy.table.SerializedColumn {name: orientation}
#     semimajor_sigma:
#       __class__: astropy.units.quantity.Quantity
#       unit: !astropy.units.Unit {unit: pix}
#       value: !astropy.table.SerializedColumn {name: semimajor_sigma}
#     semiminor_sigma:
#       __class__: astropy.units.quantity.Quantity
#       unit: !astropy.units.Unit {unit: pix}
#       value: !astropy.table.SerializedColumn {name: semiminor_sigma}
#     sky_centroid:
#       __class__: astropy.coordinates.sky_coordinate.SkyCoord
#       dec: !astropy.table.SerializedColumn
#         __class__: astropy.coordinates.angles.core.Latitude
#         unit: *id001
#         value: !astropy.table.SerializedColumn {name: sky_centroid.dec}
#       frame: icrs
#       ra: !astropy.table.SerializedColumn
#         __class__: astropy.coordinates.angles.core.Longitude
#         unit: *id001
#         value: !astropy.table.SerializedColumn {name: sky_centroid.ra}
#         wrap_angle: !astropy.coordinates.Angle
#           unit: *id001
#           value: 360.0
#       representation_type: spherical
# schema: astropy-2.0
label xcentroid ycentroid sky_centroid.ra sky_centroid.dec bbox_xmin bbox_xmax bbox_ymin bbox_ymax area semimajor_sigma semiminor_sigma orientation eccentricity min_value max_value local_background segment_flux segment_fluxerr kron_flux kron_fluxerr
[from data line 241]
293 4698.672584535135 7044.401619459525 176.10498999695767 20.196928046655756 4692 4705 7038 7050 139.0 3.070017446882796 2.9662370966155964 -20.79732664195645 0.2578104370758565 nan nan nan nan nan nan nan
294 5708.600828615442 7086.771996776423 176.09602250698208 20.19728076683849 5706 5711 7084 7090 35.0 1.6683557272119447 1.5016995780769153 79.43645097673846 0.43566777152239755 nan nan nan nan nan nan nan
295 3872.5630360273803 7106.739654988455 176.11232529313358 20.197447491636183 3871 3874 7105 7109 16.0 1.2195250758218397 0.986717663094335 -61.500077190508726 0.5876710734054905 nan nan nan nan nan nan nan
301 4990.37255859951 7217.833013776786 176.10239985375844 20.198373248958028 4986 4995 7212 7223 85.0 3.2131941849260306 1.94454247522082 -59.40963298581808 0.7960930169479716 nan nan nan nan nan nan nan
304 2657.147811698515 7278.571438292083 176.1231175158203 20.198878812943896 2654 2660 7276 7281 36.0 1.7756133180217013 1.4954010415093606 -18.9867048467744 0.5391832730807735 nan nan nan nan nan nan nan
305 5503.994306315915 7317.1968157312795 176.09783915351326 20.19920108423561 5503 5505 7316 7319 10.0 0.9748396853204655 0.7724069658279398 89.93929547829309 0.6100764521045233 nan nan nan nan nan nan nan
308 6329.289178080233 7334.116632152614 176.0905109844132 20.199341520959656 6327 6332 7331 7337 33.0 1.6325937040967367 1.4614981685433148 -76.13806776058766 0.44566427706422984 nan nan nan nan nan nan nan
311 4728.352346169071 7386.844559744537 176.10472640628637 20.199781733046137 4721 4736 7379 7395 209.0 3.881795556510232 3.3262253641047788 -59.44370404373525 0.5155191813586192 nan nan nan nan nan nan nan
312 5991.899917751626 7386.4742086034585 176.09350677383438 20.19977810033833 5985 5999 7379 7393 167.0 2.892343847435006 2.830912659962929 -52.37416302719319 0.20500579568339025 nan nan nan nan nan nan nan
313 5876.154212551543 7390.172331736972 176.09453453168888 20.199808997703034 5874 5878 7388 7392 19.0 1.2902041070968913 1.1060435685808607 -43.83298465004167 0.5148796419230581 nan nan nan nan nan nan nan
314 5424.3881474714535 7400.077223527292 176.09854597070432 20.19989179227954 5419 5430 7395 7405 93.0 2.817208882527973 2.371015972805325 -18.11336209420546 0.5400720204523283 nan nan nan nan nan nan nan
317 3957.877955640809 7420.815610862888 176.11156781764933 20.200064808863523 3952 3963 7416 7426 99.0 2.8091962298052704 2.436103933695027 -32.381561161273744 0.4979792385413406 nan nan nan nan nan nan nan
318 5357.964072849431 7431.692262418075 176.09913576718046 20.20015528052793 5353 5366 7428 7435 73.0 3.56762573590246 1.7162772148513137 14.276319019818215 0.8766822624999434 nan nan nan nan nan nan nan
319 5372.983937854985 7433.6200664818325 176.09900239752085 20.200171339026742 5370 5376 7431 7436 30.0 1.5756698888413696 1.4350123557433585 35.99842856717781 0.41299873662335085 nan nan nan nan nan nan nan
322 5554.517530272605 7467.4959575832045 176.09739045269225 20.200453551158375 5552 5557 7466 7469 20.0 1.4717499538228487 1.0059008452093283 -0.020705556957619588 0.7299761180090885 nan nan nan nan nan nan nan
323 5565.687198863698 7468.1635962100345 176.09729127115602 20.200459108985516 5564 5568 7466 7471 23.0 1.4073239724006206 1.2308056541567973 87.53027518271841 0.4848963004017729 nan nan nan nan nan nan nan
326 3264.185372888681 7516.042648254216 176.11772750225683 20.20085812626185 3254 3269 7508 7520 7.0 4.220018759387919 2.3602227765125066 -44.17052816141979 0.8289707153638008 nan nan nan nan nan nan nan
329 4990.406838082157 7553.383241008801 176.10239945381434 20.201169500283118 4986 4995 7548 7558 84.0 2.552807405985871 2.291624152691409 -77.91134588265972 0.44063199092613137 nan nan nan nan nan nan nan
330 5352.42705054883 7557.168391097428 176.0991848758279 20.20120091708509 5348 5357 7552 7562 89.0 2.597606585986405 2.2385193903317564 61.194991323078256 0.5073122923681701 nan nan nan nan nan nan nan
331 5849.714945890755 7609.700017268878 176.09476914634917 20.20163841201296 5848 5851 7607 7613 21.0 1.7151824194649579 0.9570521503215664 75.77168389954194 0.8298486480408612 nan nan nan nan nan nan nan
333 6086.624358387295 7642.569262827934 176.09266546488502 20.201912155609755 6083 6090 7637 7648 74.0 3.079527797160067 1.7330326370322329 65.61301862544151 0.8266208738597699 nan nan nan nan nan nan nan
335 6053.573095181037 7661.5868871823495 176.09295893157127 20.20207066053148 6051 6056 7658 7665 41.0 1.9871658431826136 1.523153477526238 -75.83365081872006 0.6422497972115392 nan nan nan nan nan nan nan
339 4910.45866744766 7711.037158166147 176.10310931860923 20.202483302592086 4907 4914 7707 7715 55.0 1.99379599127535 1.9126828919619496 65.81670558215406 0.28233031979107376 nan nan nan nan nan nan nan
340 4202.868696367572 7724.777639032273 176.1093924527621 20.202597859067577 4183 4217 7712 7734 230.0 7.0151454194606915 5.428718474706024 5.612455630225123 0.6333605175865944 nan nan nan nan nan nan nan
342 5927.747936088941 7811.018784852873 176.0940760996243 20.20331601581338 5925 5930 7808 7814 34.0 1.6860209478569825 1.4628500487560205 -88.27633307604503 0.497202438269642 nan nan nan nan nan nan nan
347 5480.491923490993 7949.99481150203 176.09804751402962 20.204474411130455 5478 5483 7949 7951 10.0 1.623986720181615 0.4513390575261756 23.758731575609936 0.9606041041332113 nan nan nan nan nan nan nan
348 5490.330122749347 7952.86195843125 176.0979601519085 20.204498299209 5486 5494 7951 7955 35.0 2.3448776288739257 1.1460890996360933 18.73431286237015 0.8724166809892026 nan nan nan nan nan nan nan
351 6735.974401153474 8024.5227061556925 176.0868990770645 20.205094514660708 6734 6738 8022 8027 26.0 1.4995535148611807 1.267827467229082 89.75811137298152 0.5340229653920979 nan nan nan nan nan nan nan
352 5939.998580796844 8064.0037557559945 176.09396713185765 20.20542421483376 5939 5941 8063 8065 9.0 0.8116732614514274 0.8099466880485487 41.447518856798034 0.06519072681592294 nan nan nan nan nan nan nan
353 5988.517382064095 8083.233368611353 176.093536280453 20.205584427490965 5986 5991 8080 8086 33.0 1.9069464605409285 1.3160807131643837 -55.139150412711466 0.7236655371511562 nan nan nan nan nan nan nan
359 1960.1018105735538 572.0041297127282 176.1292991463471 20.142990113602867 1948 1973 564 580 258.0 5.221426285710367 3.294432477964485 28.26544696197374 0.7758276140336701 nan nan nan nan nan nan nan
360 1952.7328161186867 585.0133767902772 176.12936457031887 20.14309851598129 1938 1972 569 599 649.0 7.330174414331359 5.233682707650034 13.690312394424828 0.7001543001163629 nan nan nan nan nan nan nan
361 2272.2848268044945 850.8692075004664 176.12652841632564 20.14531430409804 2268 2276 844 857 88.0 3.5125639067454895 2.066615953672957 -81.13066033007112 0.8086065912949747 nan nan nan nan nan nan nan
362 2267.4560816730586 875.3338985413873 176.1265713026772 20.145518171907447 2249 2287 858 893 802.0 9.000152286036151 6.608089987750402 -27.686128204192375 0.67891184195764 nan nan nan nan nan nan nan
363 2244.581424585233 865.6988198093251 176.12677433702126 20.145437857902 2240 2249 862 869 53.0 2.561143166517678 1.6418264401860378 -35.956599552979995 0.7674972882690895 nan nan nan nan nan nan nan
364 2252.274056980933 864.1501978602862 176.1267060527577 20.14542496004921 2249 2256 861 867 39.0 2.0965648264345838 1.4975323754701615 13.507963946268053 0.6998609929440648 nan nan nan nan nan nan nan
365 5097.454176318182 1310.0557622224155 176.101451016306 20.149141743985442 5091 5105 1299 1323 198.0 5.98271448886932 2.8816833771592414 -75.65996987480506 0.876353659054805 -0.008782063610851765 0.011449132114648819 0.0 0.3221146225478151 inf 1.791720640406961 inf
366 5095.1199975946665 1329.073863860417 176.10147172948936 20.14930022886696 5090 5100 1321 1335 122.0 3.4018809619781973 2.6303871365822875 88.78565753092192 0.6341433346728028 -0.008933977223932743 0.01488012820482254 0.0 0.38599061229251674 inf 1.415803401007776 inf
367 5093.076228341332 1341.741000645884 176.10148986698147 20.14940578895898 5087 5099 1334 1350 172.0 4.038426678679186 2.95284097600308 -70.93489113271995 0.6821781732141936 -0.007453694473952055 0.01453572977334261 0.0 0.6048538266009018 inf 1.3595836517034567 inf
368 2373.366509356959 1493.8862394991513 176.12563179316936 20.15067287087884 2327 2417 1451 1534 4089.0 22.50669574907481 14.248932038633571 49.226216979662226 0.7740720890215902 -0.008648592047393322 0.010110844857990742 0.0 2.865496337897767 inf 19.447073711775484 inf
369 2435.689871229433 1556.558056969563 176.12507862713485 20.1511951909563 2346 2506 1482 1632 9975.0 10.915531506715785 8.995051239093229 2.25273887254506 0.5665027503772346 -0.012989884242415428 0.5967378616333008 0.0 9.832979863766468 inf 7.613888088006205 inf
370 2429.093780860274 1504.7621423382348 176.1251371304914 20.150763552682587 2422 2436 1497 1513 214.0 4.398182339794699 3.8906382866439215 -71.07183379337778 0.46634788568688895 -0.007372292224317789 0.00609342148527503 0.0 0.0822819900677132 0.0490008666206207 1.2157327135494842 inf
371 2132.3115045367595 2067.6766646237984 176.12777217423493 20.15545422763273 2105 2158 2047 2094 1643.0 11.657732325498918 7.804661056291251 19.357393837268752 0.7428268018253413 nan nan nan nan nan nan nan
372 2112.4488532594287 2086.336123540639 176.12794851406645 20.15560970305681 2106 2121 2076 2097 169.0 3.9992182707417676 3.433772124348571 88.89790965672512 0.5126279744815948 nan nan nan nan nan nan nan
373 2124.845644941813 2094.36163967862 176.12783847693768 20.155676594875 2108 2138 2080 2107 511.0 8.071158126325649 5.1620481034121894 -43.38978086200884 0.7687351825352526 nan nan nan nan nan nan nan
374 2139.321590044299 2095.002035398425 176.12770997526366 20.15568194604819 2130 2151 2087 2104 217.0 4.503368424801584 3.5332995743749156 -21.40742901624929 0.6200144554130881 nan nan nan nan nan nan nan
375 4603.631087214598 2187.609641099834 176.10583439118912 20.156454792990175 4554 4650 2142 2234 5873.0 20.21977826019581 19.088549492556727 35.12753680515743 0.3297927591259422 -0.010502466931939125 0.010913647711277008 0.0 2.041846324167807 0.25722791464635636 12.693573697689596 inf
376 4631.186761659565 2157.5601358469335 176.10558978280707 20.156204377687605 4626 4635 2153 2162 75.0 2.5519707362934656 2.3687246323586044 29.138434343236852 0.37209593419792586 -0.006213093176484108 0.006116778589785099 0.0 0.006146779109258205 0.028907460341682692 0.21511116185212403 0.14280676665826783
377 4556.7308746381605 2175.197724471378 176.10625072551457 20.156351364323488 4554 4560 2173 2178 31.0 1.6415534102693181 1.5116755129572563 -26.52925737082784 0.3898435539054548 -0.004340163432061672 0.004326824098825455 0.0 0.01001018461829517 0.018501777900780635 0.16012109080061288 0.08924537875461722
378 7189.586861672846 3226.720419741898 176.0828774747945 20.165112315197913 7185 7195 3222 3231 65.0 3.0886810086182535 1.6173314897235476 44.070192724320876 0.8519447013278191 -0.005788746289908886 0.00657949922606349 0.0 0.07983318868355127 0.027822663545575953 0.16174403886546923 0.10799078481424895
379 7197.679967467248 3240.6148291443246 176.08280560978739 20.165228091830645 7192 7203 3231 3249 158.0 4.270117268368794 2.552193678787385 72.9168757883069 0.8017295194233552 -0.003985162358731031 0.009660515934228897 0.0 0.37153408895824214 0.04344848334508286 0.7234354211277294 0.13367595902278712
380 4319.292878691369 3447.9225695745063 176.1083585048923 20.166957409178465 4316 4322 3446 3451 27.0 1.6890255085639574 1.297932574385957 -25.828027746818968 0.6399091796819598 -0.013249957002699375 0.008435296826064587 0.0 0.016981347871478647 0.019407591631202148 0.06659143989045764 0.08685275778231073
381 4284.986186610505 3451.623363166912 176.108663066209 20.166988247777887 4282 4288 3450 3454 27.0 1.8423427501394678 1.1703498509843628 12.856000934535599 0.7723058468298983 -0.004320189356803894 0.004664824344217777 0.0 0.004565158306093053 0.017595368915751385 -0.015363018049661888 0.08723437546040003
382 4290.417239930324 3459.9832758614725 176.10861485187004 20.16705791396393 4279 4300 3450 3469 250.0 5.9366518988873835 3.3642275289727603 -48.684434672847274 0.8239326830460212 -0.007212439551949501 0.009405349381268024 0.0 0.04108981995159411 0.05448069904656074 0.7331055974753216 inf
383 4319.535401067203 3480.2049428839923 176.10835635295936 20.167226428959268 4288 4350 3446 3512 2727.0 14.870572150056082 13.115483144748543 87.25032513993696 0.47129489794037255 -0.008069351315498352 0.010387027636170387 0.0 0.9563198218438629 0.18097477414348856 8.611922613369423 inf
384 4288.718148104162 3479.0402163461326 176.10862993665796 20.1672167217225 4272 4300 3465 3495 483.0 7.583561782172097 5.349803639581528 49.397000465744185 0.7087623170654881 -0.007430030032992363 0.008858628571033478 0.0 0.16413815333999082 inf 2.2881913754445167 inf
385 5217.769910005084 3642.2202328423286 176.10038210786388 20.168576405069107 5200 5237 3631 3655 592.0 8.766191757616069 4.363488029435072 13.730770534361 0.8673129509550147 -0.006172396242618561 0.016324259340763092 0.0 2.1118626007992134 inf 3.4029532501058988 inf
386 5236.766656175305 3641.6299218227455 176.10021346081555 20.16857147873253 5232 5242 3630 3653 178.0 5.783977458809774 2.2969547085393227 -85.43255824312389 0.9177650801082387 -0.006482812575995922 0.01511221844702959 0.0 0.4041141234574752 0.047683933297760835 0.9560117241310109 0.13664150566090275
387 5122.461060037858 3647.0476030204172 176.10122822892362 20.16861666624019 5112 5135 3636 3657 378.0 5.278140410572626 4.336478541099508 54.08795104907786 0.570075781997822 -0.007284060120582581 0.027800075709819794 0.0 1.906184034918624 0.07321720361100256 2.79525138923249 0.16475373243625474
388 5166.115461685088 3649.4154131832997 176.1008406775639 20.168636383338267 5154 5177 3643 3656 263.0 5.231916687212126 3.168336476002507 -9.59289871323577 0.7957855428657992 -0.008413715288043022 0.0185557808727026 0.0 0.6864288415054034 0.05837701803411662 2.290276212598471 inf
389 5142.175146887797 3662.6628462590943 176.10105320769233 20.16874678675286 5130 5160 3645 3676 720.0 6.403814917628391 5.073384383333701 23.11909818850156 0.6102043396735884 -0.006803723517805338 0.14575621485710144 0.0 7.329146817164656 inf 8.8672918218499 inf
390 5125.370016783091 3664.3587598402123 176.10120239805465 20.168760924927952 5116 5134 3655 3676 265.0 4.647874956917358 3.3249061281042707 63.509243564144455 0.6987555815444371 -0.005540819372981787 0.03774518519639969 0.0 1.8527230209720074 0.06261087751106174 2.732326057166239 0.1314822558175218
391 1702.1451925977267 3872.411947343358 176.13159303837227 20.170493213056226 1693 1710 3867 3879 153.0 4.290148363629516 2.7443172758230454 25.339454692943633 0.7686422690532442 nan nan nan nan nan nan nan
392 1678.872369065449 3883.3993539883318 176.13179966400318 20.170584746794766 1667 1690 3876 3891 212.0 5.287183240639296 3.265231411927911 13.335224542246674 0.7865121112253436 nan nan nan nan nan nan nan
393 1692.65353603984 3898.304520224397 176.13167733654842 20.170708973096797 1671 1717 3876 3919 1239.0 12.142368584502279 6.896850495704469 -37.170304768500934 0.8230293981860791 nan nan nan nan nan nan nan
394 1663.4072704384455 3898.044158707988 176.13193697909807 20.17070676809947 1650 1676 3880 3920 576.0 8.06619739966398 6.000971593008708 -84.8834828368403 0.6682181658403894 nan nan nan nan nan nan nan
395 1713.618814813252 3908.046989167161 176.13149122308815 20.170790185414308 1706 1721 3903 3914 138.0 3.646955652878701 2.821166785416295 -20.09516839123064 0.6337137724903735 nan nan nan nan nan nan nan
396 1653.9018086523915 3910.251149844928 176.13202138265902 20.170808481455108 1649 1661 3903 3917 125.0 3.3730095587153923 3.030065629636279 39.78880964181093 0.4393273982290804 nan nan nan nan nan nan nan
