Data/Catalogs/Detection-F814W_Analysis-F275W_Catalog.ecsv
# %ECSV 1.0
# ---
# datatype:
# - {name: label, datatype: int64}
# - {name: xcentroid, datatype: float64}
# - {name: ycentroid, datatype: float64}
# - {name: sky_centroid.ra, unit: deg, datatype: float64}
# - {name: sky_centroid.dec, unit: deg, datatype: float64}
# - {name: bbox_xmin, datatype: int64}
# - {name: bbox_xmax, datatype: int64}
# - {name: bbox_ymin, datatype: int64}
# - {name: bbox_ymax, datatype: int64}
# - {name: area, unit: pix2, datatype: float64}
# - {name: semimajor_sigma, unit: pix, datatype: float64}
# - {name: semiminor_sigma, unit: pix, datatype: float64}
# - {name: orientation, unit: deg, datatype: float64}
# - {name: eccentricity, datatype: float64}
# - {name: min_value, datatype: float64}
# - {name: max_value, datatype: float64}
# - {name: local_background, datatype: float64}
# - {name: segment_flux, datatype: float64}
# - {name: segment_fluxerr, datatype: float64}
# - {name: kron_flux, datatype: float64}
# - {name: kron_fluxerr, datatype: float64}
# meta: !!omap
# - {date: '2025-03-07 10:22:21 CST'}
# - version: {Python: 3.12.5, astropy: 6.1.2, bottleneck: null, gwcs: 0.21.0, matplotlib: 3.10.0, numpy: 1.26.4, photutils: 1.12.0, scipy: 1.14.0,
#     skimage: 0.24.0, sklearn: 1.5.1}
# - {localbkg_width: 0}
# - {apermask_method: correct}
# - kron_params: !!python/tuple [2.5, 1.4, 0.0]
# - __serialized_columns__:
#     area:
#       __class__: astropy.units.quantity.Quantity
#       unit: !astropy.units.Unit {unit: pix2}
#       value: !astropy.table.SerializedColumn {name: area}
#     eccentricity:
#       __class__: astropy.units.quantity.Quantity
#       unit: !astropy.units.Unit {unit: ''}
#       value: !astropy.table.SerializedColumn {name: eccentricity}
#     orientation:
#       __class__: astropy.units.quantity.Quantity
#       unit: &id001 !astropy.units.Unit {unit: deg}
#       value: !astropy.table.SerializedColumn {name: orientation}
#     semimajor_sigma:
#       __class__: astropy.units.quantity.Quantity
#       unit: !astropy.units.Unit {unit: pix}
#       value: !astropy.table.SerializedColumn {name: semimajor_sigma}
#     semiminor_sigma:
#       __class__: astropy.units.quantity.Quantity
#       unit: !astropy.units.Unit {unit: pix}
#       value: !astropy.table.SerializedColumn {name: semiminor_sigma}
#     sky_centroid:
#       __class__: astropy.coordinates.sky_coordinate.SkyCoord
#       dec: !astropy.table.SerializedColumn
#         __class__: astropy.coordinates.angles.core.Latitude
#         unit: *id001
#         value: !astropy.table.SerializedColumn {name: sky_centroid.dec}
#       frame: icrs
#       ra: !astropy.table.SerializedColumn
#         __class__: astropy.coordinates.angles.core.Longitude
#         unit: *id001
#         value: !astropy.table.SerializedColumn {name: sky_centroid.ra}
#         wrap_angle: !astropy.coordinates.Angle
#           unit: *id001
#           value: 360.0
#       representation_type: spherical
# schema: astropy-2.0
label xcentroid ycentroid sky_centroid.ra sky_centroid.dec bbox_xmin bbox_xmax bbox_ymin bbox_ymax area semimajor_sigma semiminor_sigma orientation eccentricity min_value max_value local_background segment_flux segment_fluxerr kron_flux kron_fluxerr
[from data line 242]
308 6329.844020275079 7333.414909238084 176.09050605836873 20.199335672790255 6324 6336 7327 7339 138.0 2.762773570962986 2.6482560076875132 45.93343468339549 0.2849251006516228 nan nan nan nan nan nan nan
312 4728.904747310676 7387.286736016091 176.10472150118585 20.199785417764325 4721 4737 7377 7398 311.0 4.688469907722106 3.722369568829032 -83.40240464852344 0.6079945083053514 nan nan nan nan nan nan nan
313 5992.778313836424 7385.979117096425 176.0934989745197 20.199773973949178 5986 5999 7379 7392 157.0 2.8597907022566518 2.7927150625519777 36.33467025774892 0.21531221501000383 nan nan nan nan nan nan nan
314 5425.8476418502305 7399.770973770763 176.09853301130914 20.199889239525294 5420 5431 7395 7405 94.0 2.82525498066544 2.4087226239236923 -26.48197609400388 0.5226159410021334 nan nan nan nan nan nan nan
316 3958.9666855600344 7420.492502171697 176.1115581502208 20.200062116501314 3954 3963 7416 7425 77.0 2.6323662220774593 2.099771666702448 -48.87988111430458 0.6030880835188811 nan nan nan nan nan nan nan
317 5356.720809049163 7431.128772765371 176.09914680698898 20.20015058531796 5354 5359 7429 7434 27.0 1.5434848664921221 1.3257369130664238 35.00097994256233 0.5121022979435284 nan nan nan nan nan nan nan
318 6222.780398900712 7467.693913922118 176.0914566070311 20.20045475427172 6204 6242 7453 7486 871.0 9.361855835686109 6.120253011377469 -29.98667169193493 0.756716162701899 nan nan nan nan nan nan nan
319 4815.998471686969 7495.999426956072 176.1039481330765 20.200691341828456 4815 4817 7495 7497 5.0 0.6295402377666542 0.6288035742333934 -89.94586793024983 0.04836272363798899 nan nan nan nan nan nan nan
322 4966.479598847595 7546.266468252925 176.10261191885783 20.20111020013236 4964 4969 7545 7548 14.0 1.4361908188555554 0.7631077433377939 19.890139504348934 0.8471577423643945 nan nan nan nan nan nan nan
323 4991.581009768809 7553.2098969995495 176.1023890277486 20.20116805543549 4987 4996 7547 7559 107.0 3.0902458927388343 2.3855283486503502 84.97206033054297 0.6356781314188419 nan nan nan nan nan nan nan
324 5353.04896008348 7557.096569679281 176.09917935358337 20.201200318306483 5350 5356 7554 7560 38.0 1.7159505076285122 1.6282970212167314 59.14071815219159 0.31552156492492117 nan nan nan nan nan nan nan
327 5850.560543671237 7608.62700015795 176.09476163854347 20.20162946965541 5849 5852 7606 7611 21.0 1.5349741636825436 1.0314443730402576 82.7377836231703 0.7405855888861701 nan nan nan nan nan nan nan
329 6087.498428077557 7642.240857529984 176.09265770376823 20.201909418238223 6082 6094 7633 7651 183.0 4.406697769129087 2.6963736799184677 70.5360424651074 0.7909500033580052 nan nan nan nan nan nan nan
331 6055.870651771882 7650.879288543761 176.09293853865185 20.201981428861004 6055 6057 7650 7652 8.0 0.8622123667799027 0.6832603576240615 -45.479728511014784 0.6099366274275326 nan nan nan nan nan nan nan
335 4204.804022143644 7722.028706375112 176.10937526754213 20.20257495146195 4166 4234 7697 7737 1090.0 10.73162874218281 7.788106471827445 14.389012087489542 0.6879952020612297 nan nan nan nan nan nan nan
337 4911.097137251757 7711.204942049378 176.10310364919596 20.20248470064257 4907 4915 7707 7715 64.0 2.1440821160656065 2.0738774124522865 63.06772664849936 0.2538007463703454 nan nan nan nan nan nan nan
343 5928.442574129995 7811.188684410644 176.094069931343 20.203317431166184 5926 5931 7809 7813 23.0 1.4002442742976535 1.229382883526985 16.81939228073635 0.4787020102262258 nan nan nan nan nan nan nan
349 5759.173361903051 7943.497933551687 176.09557290032566 20.204420117661574 5752 5766 7936 7951 154.0 4.780609366146756 2.344603403115611 50.43623199691414 0.8714748018817365 nan nan nan nan nan nan nan
350 5485.936103716317 7951.279357588543 176.09799917047184 20.204485113024127 5465 5508 7939 7963 725.0 9.666956980813671 4.155012656229979 19.095835293640253 0.9029165062719351 nan nan nan nan nan nan nan
352 6091.739269285737 7970.288108431118 176.0926197819311 20.20464314132694 6086 6098 7964 7976 138.0 2.789343054965895 2.6985567725171826 64.77010587110323 0.2530528737629143 nan nan nan nan nan nan nan
356 6736.134048484135 8025.283073864301 176.08689765858605 20.205100850889032 6734 6739 8023 8028 27.0 1.5185950670697943 1.3258848545701813 -54.287128512843644 0.48754175534112987 nan nan nan nan nan nan nan
357 5940.3903312458815 8063.969972032132 176.09396365322036 20.20542393303197 5938 5943 8062 8066 25.0 1.4615829424614875 1.2820888716420487 -11.959821158527435 0.4801397572786228 nan nan nan nan nan nan nan
360 1923.5958667144441 417.3433930988408 176.12962300078956 20.141701234891976 1918 1931 408 423 9.0 4.07576324373513 2.2945119381731995 40.52951068069333 0.8264807565290747 nan nan nan nan nan nan nan
362 1960.533681534515 574.1398089272116 176.12929531541957 20.143007911389578 1945 1978 564 586 382.0 7.363915632853855 3.6918731189116687 22.474253818332826 0.8652466212129324 nan nan nan nan nan nan nan
363 1952.6967803137704 587.398029854852 176.12936489293813 20.143118388043757 1938 1968 571 604 657.0 7.723278390528755 5.617994204759873 47.46804963531858 0.6862025119705123 nan nan nan nan nan nan nan
364 2257.075330134837 851.8468427522618 176.12666342241067 20.14532243668112 2250 2265 845 857 127.0 3.6995413396372125 2.8794476050542444 11.64925375372004 0.6278609035266196 nan nan nan nan nan nan nan
365 2268.9936604382465 875.2110156992765 176.12655765442014 20.145517149334868 2238 2302 844 903 2368.0 14.176793771914232 11.475914737982395 10.446253491291028 0.5871393100722002 nan nan nan nan nan nan nan
366 2676.8246881229566 1197.356785608779 176.12293785297808 20.148202044394722 2675 2678 1193 1203 23.0 2.8481678913976816 0.7915371648302869 80.47335431834473 0.9606068292383353 -0.00355215254239738 0.007599291857331991 0.0 0.0600793645135127 inf 0.4789094055080963 inf
367 2679.4360940281654 1211.3299863329971 176.12291468408546 20.14831848969405 2677 2683 1204 1217 44.0 3.463754850609977 1.0444098612447024 69.21339250232087 0.9534581631871754 -0.005577128380537033 0.00857087317854166 0.0 0.06128461093248916 inf 0.4385679067265912 inf
368 5094.763527561687 1329.0089347738096 176.10147489375154 20.149299687903053 5091 5098 1324 1335 74.0 2.973224159229123 1.905086014463151 -84.83463971872389 0.7677516604681025 -0.004877946339547634 0.01488012820482254 0.0 0.3098394837179512 0.043520467788104804 1.6389065910864402 inf
369 5092.829895344159 1341.1378930557069 176.1014920537824 20.149400763140363 5089 5097 1335 1347 96.0 3.2940560164180632 2.12330889039333 -81.40505833518479 0.7645301466478817 -0.007453694473952055 0.01453572977334261 0.0 0.4137036186052683 inf 1.2887654235712502 inf
370 6207.698944708492 1389.9989477495637 176.09159576334054 20.14980731380761 6201 6214 1388 1392 51.0 3.3816569319266936 1.2067919798059947 9.448688227029553 0.9341563088839582 -0.006386860273778439 0.00792476162314415 0.0 0.05638729596830672 inf 0.1333640252827753 inf
371 6219.838602367224 1394.052031493335 176.09148800064258 20.149841079653182 6214 6226 1390 1398 70.0 3.245738979451132 1.711184096192028 18.878119345508377 0.8497353998513058 -0.0082085644826293 0.007458784617483616 0.0 0.054035761360864853 inf 0.48074505271178947 inf
372 6229.6919058509675 1396.793810639336 176.091400534158 20.149863919768826 6225 6234 1394 1400 50.0 2.5007981549627702 1.5666152428182183 13.565547349949055 0.7794647445046585 -0.0068624853156507015 0.009499954991042614 0.0 -0.03306403651367873 0.03713166906286614 0.3162387509929633 inf
373 2367.8658494759325 1486.4323747296667 176.12568061358107 20.150610750411747 2322 2426 1433 1533 6874.0 21.759111775303033 17.64468381421012 51.522738110662985 0.5851707329637379 -0.008397582918405533 0.010110844857990742 0.0 4.256101673669107 inf 17.528504646234484 inf
374 2454.824239013474 1483.6203808649357 176.1249087100736 20.15058739367199 2445 2465 1455 1507 446.0 13.90504356409806 2.6231485258109775 -75.02309298542265 0.9820449109014145 -0.006596640683710575 0.012361872009932995 0.0 0.143586655263789 inf 2.5992065118655887 inf
375 2434.1248628305175 1556.8144692625256 176.12509251948794 20.151197326363853 2313 2533 1500 1662 8703.0 10.012792264930436 7.747386803274336 17.433314451690734 0.6334924390196733 -0.012989884242415428 0.5967378616333008 0.0 9.55659246427058 inf 7.237885207917115 inf
376 1916.1147696487424 1541.2468385836276 176.12969072304406 20.151067085767608 1910 1922 1534 1549 133.0 4.360024482762104 2.392313132446497 58.99476798519687 0.8360241862733055 nan nan nan nan nan nan nan
377 1924.0585984545464 1552.8404694187273 176.12962022165598 20.151163708062544 1920 1929 1549 1556 60.0 2.6702372854315586 1.8041452908567954 32.827532279915594 0.737222724989237 nan nan nan nan nan nan nan
380 2132.1460633121364 2067.4776694399725 176.1277736426345 20.155452569173626 2097 2162 2042 2099 2369.0 13.442735432664712 8.987141007680647 22.56413353191257 0.7436671797300844 nan nan nan nan nan nan nan
381 2108.1429880066626 2087.2532655563336 176.12798673802808 20.155617341538086 2095 2121 2073 2104 458.0 6.777148129754492 5.546732204264966 58.982500957062825 0.5745829436338723 nan nan nan nan nan nan nan
382 2129.1253365059456 2096.387623623016 176.12780048846807 20.155693482380926 2105 2152 2083 2110 832.0 9.502486590686601 6.1256383187833725 -12.639963969743615 0.7644902397345885 nan nan nan nan nan nan nan
383 4588.291838866781 2151.447203611854 176.10597056114437 20.15615344077815 4574 4600 2134 2166 518.0 8.017468837037663 5.564558166733065 -78.60180921492643 0.7199227213352718 -0.008273879997432232 0.009501957334578037 0.0 0.22548426884759465 0.07654725123672078 2.031787768547825 inf
384 4605.125201561312 2190.0160759318983 176.10582112768583 20.156474846469507 4551 4658 2132 2248 8372.0 24.037145820031142 22.702322527664144 -50.22524443786122 0.3286025082612714 -0.011144015938043594 0.011630660854279995 0.0 2.1918737583608845 0.3077105937123137 15.245909345054914 inf
385 4558.63190334471 2182.439870892288 176.10623384950932 20.1564117153961 4545 4571 2169 2198 521.0 8.080224315053735 5.098993796869747 -43.59330578182332 0.7757453563048909 -0.007751569617539644 0.0105666508898139 0.0 0.149243406343885 inf 1.7806306542850674 inf
386 5499.175478973665 2509.397028671171 176.09788447143274 20.159136090895217 5478 5515 2502 2519 411.0 7.983333305440419 3.6524561472229937 -3.4224514145729255 0.8892043903648756 -0.010322208516299725 0.010739654302597046 0.0 0.06800342734004516 0.06745294415684493 0.20416748972906051 0.16187013120579594
387 5510.2476942369185 2516.886084726042 176.0977861776748 20.159198494200016 5498 5519 2506 2525 249.0 4.687369736853963 3.83386010556226 -22.189265658097582 0.5753420827572072 -0.007126053795218468 0.007958238944411278 0.0 0.13972255512629772 0.051881032860197615 -0.02218854643444719 0.09797791874601582
388 3165.7475212845916 2570.101877167279 176.1185987105226 20.15964190451559 3156 3177 2564 2576 240.0 5.695356010762148 3.12611038181206 -3.3687651704713715 0.8358961569683031 -0.0062155956402421 0.013005849905312061 0.0 0.09483568898076555 0.053040542808425274 0.8509861987721068 0.2027331600427201
389 3148.817768398545 2571.112171112996 176.11874899965744 20.159650314342265 3142 3155 2565 2577 149.0 3.6550513644400877 3.1556888498418534 -9.126464303409291 0.5045586339739112 -0.008740967139601707 0.007283828686922789 0.0 0.09028309188579442 0.042175975224825496 0.6243385150727663 0.1529062875560929
390 3133.6682378779274 2573.294291942608 176.11888348614278 20.159668490260774 3124 3142 2569 2577 129.0 4.7837479564402425 2.0428264317909175 -7.280328980361189 0.9042352318842177 -0.005522402934730053 0.008656870573759079 0.0 0.06971576322939654 0.040683234369313696 0.678070578665721 0.1563720197693439
391 8190.744618008303 2792.6463225107113 176.07399048541083 20.161493561344404 8171 8211 2760 2821 1660.0 12.066630442592134 8.705131433676895 81.9590457944036 0.6924958089453196 nan nan nan nan nan nan nan
392 8192.997583871085 2821.1108709622586 176.07397043384037 20.161730762050315 8184 8202 2814 2828 201.0 4.370438129240964 3.646152730638332 4.354434382007001 0.5513466601964797 nan nan nan nan nan nan nan
393 2064.443633215865 2771.606875278803 176.12837541023444 20.1613202426757 2062 2067 2770 2774 20.0 1.4190569404008977 1.1296645868218953 10.056900802159609 0.6052083306142099 nan nan nan nan nan nan nan
394 2070.399801612635 2773.981939768189 176.12832253827796 20.16134004103446 2067 2073 2771 2778 43.0 2.1283680960547784 1.5770296833785098 55.401167856459985 0.6715522429321242 nan nan nan nan nan nan nan
395 1918.8927204546155 2827.2864697019913 176.1296675715971 20.161784083872874 1900 1938 2815 2840 752.0 9.084460178673254 5.730064441246821 -12.907453846818541 0.7759824215711641 nan nan nan nan nan nan nan
396 1911.7080064190623 2844.0580279465635 176.12973137221783 20.16192383892764 1907 1916 2840 2849 61.0 2.4975519198037257 2.0508104274046812 49.923998509152845 0.5707437283824779 nan nan nan nan nan nan nan
397 1922.285795894221 2843.2568278441986 176.12963746892686 20.16191717390386 1915 1931 2838 2849 115.0 4.75097319636196 2.110985639727884 -23.23929645970421 0.8958646785372805 nan nan nan nan nan nan nan
398 7319.078976815021 2901.0877836103273 176.08172836165568 20.162398545196602 7301 7340 2889 2916 744.0 8.428562147070359 5.6698463868123605 -14.582077326808738 0.7399204492892826 -0.008295279927551746 0.010511075146496296 0.0 0.26657682258155546 0.09268882610115346 0.7058871280969823 0.2532103452345394
399 7341.064732846619 2905.076857968341 176.08153318104098 20.162431758713936 7328 7352 2894 2915 328.0 6.078435811860919 4.009629709046697 -44.68906775262515 0.7515744480024676 -0.009043311700224876 0.008942964486777782 0.0 0.23792552631630315 0.06177243184758262 0.5073207394024112 0.18079426313474348
400 7188.776364224977 3225.7842496203284 176.082884671224 20.165104514790873 7180 7198 3217 3235 207.0 5.516317460636138 2.6714052278655345 40.716336627571486 0.8749167826935055 -0.006622786168009043 0.006934621371328831 0.0 0.07108720864647466 0.0495143095278278 0.2481921521109051 0.16479888967638484
401 7197.4462499886595 3240.125141138601 176.08280768526666 20.165224011389792 7193 7202 3232 3248 116.0 3.850162209679122 2.2119314030190673 77.18416433674557 0.8185021726784834 -0.003985162358731031 0.009660515934228897 0.0 0.3297697875514132 0.03756337021224045 0.778780015731874 0.13189484262400467
402 4509.036760082892 3421.275693120927 176.1066740358781 20.166735349864553 4497 4522 3400 3436 568.0 8.674454596273835 4.289162866879321 65.57480092485295 0.8692009060322027 -0.007251942530274391 0.009034351445734501 0.0 0.8291214808705263 0.08459838474952519 1.1764454751772349 inf
403 4524.742164331325 3430.3653382110956 176.10653460918095 20.166811096020734 4522 4528 3428 3433 34.0 1.7987700741570374 1.4406220481918381 -9.911438451137164 0.5988077163038451 -0.0035534659400582314 0.005583678837865591 0.0 0.010736357849964406 0.020122015497264258 0.31620768174139724 inf
404 4313.34653845875 3478.72320189343 176.10841129525434 20.167214080914327 4260 4363 3432 3524 6239.0 22.64451991428821 18.623699376921294 30.45811962220844 0.5688556709199453 -0.032233141362667084 0.014253667555749416 0.0 1.5391067711245228 inf 11.869673809122014 inf
405 4356.933564138467 3480.6944458589946 176.10802434641587 20.167230509017763 4345 4368 3471 3492 289.0 6.10126802527178 3.9943688968580613 28.59474817449481 0.7559074569897392 -0.007862916216254234 0.007825602777302265 0.0 0.0925846900936449 0.05866970638315842 1.7870865117078831 inf
406 4331.396202431407 3520.278956234484 176.10825105843313 20.16756037940787 4321 4340 3515 3527 181.0 5.032542269005992 2.9383024918073244 11.163896665489249 0.8118540214784713 -0.00631302734836936 0.007246024906635284 0.0 0.1647208372978639 0.04724766976405451 1.369130095444726 0.2221891933220334
