Data/Catalogs/Detection-F475W_Analysis-F275W_Catalog.ecsv
# %ECSV 1.0
# ---
# datatype:
# - {name: label, datatype: int64}
# - {name: xcentroid, datatype: float64}
# - {name: ycentroid, datatype: float64}
# - {name: sky_centroid.ra, unit: deg, datatype: float64}
# - {name: sky_centroid.dec, unit: deg, datatype: float64}
# - {name: bbox_xmin, datatype: int64}
# - {name: bbox_xmax, datatype: int64}
# - {name: bbox_ymin, datatype: int64}
# - {name: bbox_ymax, datatype: int64}
# - {name: area, unit: pix2, datatype: float64}
# - {name: semimajor_sigma, unit: pix, datatype: float64}
# - {name: semiminor_sigma, unit: pix, datatype: float64}
# - {name: orientation, unit: deg, datatype: float64}
# - {name: eccentricity, datatype: float64}
# - {name: min_value, datatype: float64}
# - {name: max_value, datatype: float64}
# - {name: local_background, datatype: float64}
# - {name: segment_flux, datatype: float64}
# - {name: segment_fluxerr, datatype: float64}
# - {name: kron_flux, datatype: float64}
# - {name: kron_fluxerr, datatype: float64}
# meta: !!omap
# - {date: '2025-03-07 10:22:21 CST'}
# - version: {Python: 3.12.5, astropy: 6.1.2, bottleneck: null, gwcs: 0.21.0, matplotlib: 3.10.0, numpy: 1.26.4, photutils: 1.12.0, scipy: 1.14.0,
#     skimage: 0.24.0, sklearn: 1.5.1}
# - {localbkg_width: 0}
# - {apermask_method: correct}
# - kron_params: !!python/tuple [2.5, 1.4, 0.0]
# - __serialized_columns__:
#     area:
#       __class__: astropy.units.quantity.Quantity
#       unit: !astropy.units.Unit {unit: pix2}
#       value: !astropy.table.SerializedColumn {name: area}
#     eccentricity:
#       __class__: astropy.units.quantity.Quantity
#       unit: !astropy.units.Unit {unit: ''}
#       value: !astropy.table.SerializedColumn {name: eccentricity}
#     orientation:
#       __class__: astropy.units.quantity.Quantity
#       unit: &id001 !astropy.units.Unit {unit: deg}
#       value: !astropy.table.SerializedColumn {name: orientation}
#     semimajor_sigma:
#       __class__: astropy.units.quantity.Quantity
#       unit: !astropy.units.Unit {unit: pix}
#       value: !astropy.table.SerializedColumn {name: semimajor_sigma}
#     semiminor_sigma:
#       __class__: astropy.units.quantity.Quantity
#       unit: !astropy.units.Unit {unit: pix}
#       value: !astropy.table.SerializedColumn {name: semiminor_sigma}
#     sky_centroid:
#       __class__: astropy.coordinates.sky_coordinate.SkyCoord
#       dec: !astropy.table.SerializedColumn
#         __class__: astropy.coordinates.angles.core.Latitude
#         unit: *id001
#         value: !astropy.table.SerializedColumn {name: sky_centroid.dec}
#       frame: icrs
#       ra: !astropy.table.SerializedColumn
#         __class__: astropy.coordinates.angles.core.Longitude
#         unit: *id001
#         value: !astropy.table.SerializedColumn {name: sky_centroid.ra}
#         wrap_angle: !astropy.coordinates.Angle
#           unit: *id001
#           value: 360.0
#       representation_type: spherical
# schema: astropy-2.0
label xcentroid ycentroid sky_centroid.ra sky_centroid.dec bbox_xmin bbox_xmax bbox_ymin bbox_ymax area semimajor_sigma semiminor_sigma orientation eccentricity min_value max_value local_background segment_flux segment_fluxerr kron_flux kron_fluxerr
[from data line 65]
97 4810.539969638464 2693.2283176564197 176.10399755955933 20.16066825246793 4807 4814 2690 2696 42.0 1.8279530843349026 1.6192939659228314 18.825971883451242 0.4639699391717311 -0.005125978961586952 0.00414641760289669 0.0 -0.01838598498943611 0.02199773357982493 -0.013274678217074617 0.03680917152978775
98 3982.9701387460213 2768.169138941493 176.1113441127051 20.161292761646244 3974 3993 2759 2777 297.0 3.2869819876469943 3.1358517304545344 27.47002552891542 0.29973794525549957 -0.006655368022620678 0.023154491558670998 0.0 0.4288844590541032 0.06124869132327051 0.3838533935234705 0.07039655748195262
99 2065.0453944948613 2770.6951797983356 176.12837006722592 20.161312645837018 2063 2067 2769 2772 16.0 1.3174362511666422 0.9236936711467376 18.060349466431404 0.7130337698730144 nan nan nan nan nan nan nan
101 4192.806198172497 2778.6023565273176 176.10948134049042 20.161379733362455 4192 4194 2778 2779 5.0 0.7758748175673096 0.4453389041565215 18.63062652625857 0.8188672612499528 -0.0036226355005055666 0.0006624120869673789 0.0 -0.0070007945178076625 0.00796190709755106 -0.03750034812672946 0.029502523631296074
102 8193.981819093044 2794.869479370941 176.0739617438355 20.161512082170155 8184 8205 2785 2804 316.0 5.651495513429651 4.3333570645617145 40.22301521885108 0.6419304182487682 nan nan nan nan nan nan nan
103 4288.980871131098 2792.53406571236 176.10862757130175 20.16149583732832 4286 4292 2790 2796 39.0 1.7647873288065943 1.6086505495649202 1.302587631042976 0.41124117368021906 -0.009550075978040695 0.005651148036122322 0.0 -0.014976203172409441 0.021104283393471996 -0.0639756783938772 0.06523271332950245
104 4978.4899216799395 2797.060760084518 176.10250659802506 20.161533485088796 4975 4982 2794 2801 53.0 2.043790668884569 1.857819313187651 -4.6914995321683035 0.4167816055562069 -0.0028204922564327717 0.011022237129509449 0.0 0.20256853459432023 0.025500422190117916 0.2447382499870475 0.07026515889360758
105 5896.265471247674 2798.197864702294 176.09435923545712 20.161542533313412 5894 5899 2796 2800 22.0 1.40108686731108 1.209851102558206 3.9917608789651227 0.5043334492719203 -0.004549616016447544 0.0095317168161273 0.0 0.02373620358412154 0.01724084253156491 0.05425308830473341 0.06165725132989716
106 8441.626672021137 2804.585363000399 176.07176331044514 20.161592615013575 8437 8446 2800 2809 78.0 2.4129704365109244 2.0755955907737995 27.717053622935687 0.5099858865690597 nan nan nan nan nan nan nan
107 3572.785453784705 2825.210463456272 176.11498545858925 20.16176799419581 3569 3576 2822 2828 39.0 1.8164091286695605 1.5717918961188175 -23.150785305178353 0.5012038901322659 -0.004040387459099293 0.005709823686629534 0.0 0.06846364885132061 0.02121950513309438 0.08275145207939014 0.05922341973164473
108 1918.6084108059842 2826.3912410675557 176.1296700944511 20.161776623322442 1917 1920 2825 2828 15.0 1.1420856803548032 1.0024884966179382 44.8609278261462 0.47908235777947517 nan nan nan nan nan nan nan
109 4121.98712970678 2835.936733395368 176.11011002875122 20.16185751247134 4116 4129 2832 2839 86.0 3.4035788568578944 1.9330997247342756 11.582280707970918 0.8230555336112075 -0.0037157575134187937 0.008655576035380363 0.0 0.2558635032692109 0.03282764241665654 0.6893087306070713 inf
110 6202.968246163698 2883.049791724728 176.09163647227533 20.16224940616875 6200 6206 2880 2886 42.0 1.9827480251692478 1.585315590167832 -44.81253473369826 0.6005932158742884 -0.005594572518020868 0.005626867525279522 0.0 0.0012887246748505277 0.021850804253659775 -0.013577397211690243 0.08070680947631893
111 5667.892680218771 2897.470298312218 176.09638650738404 20.162369944982608 5665 5670 2895 2900 27.0 1.4665532797452434 1.3479449419362577 80.92395710733025 0.3939673703664835 -0.004428214859217405 0.004421662073582411 0.0 0.00826665697968565 0.017435929927152996 0.034782850368424975 0.04060875557035884
112 5191.250076474231 2901.689639164631 176.1006178241735 20.162405326604972 5186 5196 2896 2907 62.0 3.821616926424028 1.2595994168143085 49.823262615392956 0.9441211747039784 -0.006821334362030029 0.009031417779624462 0.0 0.08326457455041236 0.027426814681501994 0.7112919952429997 0.11454836381565243
114 7346.045805497238 2905.117528483584 176.0814889622992 20.162432091088185 7344 7348 2902 2908 26.0 1.6632912008835645 1.2209727838621698 69.71903069761632 0.6790734090499411 -0.004626597743481398 0.005113034974783659 0.0 0.02098181844485225 0.017220740592754694 0.24295824907966557 0.07928031866716768
115 7498.827029411108 2909.0064796483507 176.08013266542287 20.16246429284457 7496 7502 2906 2912 35.0 1.683314241298085 1.550559862142515 -89.11450890906586 0.38924297623419485 -0.004090649541467428 0.0061427634209394455 0.0 0.004275222025171388 0.0196207451695186 -0.02823447568691069 0.06755437776314373
117 8151.571202139774 2954.1473082828365 176.0743379509308 20.162839468512917 8150 8153 2953 2955 7.0 0.9063099003857493 0.6246713131013779 -10.93673540529043 0.7245265175329684 nan nan nan nan nan nan nan
119 5065.16096554152 2990.3379297438737 176.10173713195485 20.16314410373129 5061 5069 2987 2994 57.0 2.2167028790744445 1.823293551824369 -23.600496998507275 0.568728944526817 -0.003545672632753849 0.015584427863359451 0.0 0.2501027152648021 0.027028493211992057 0.3125965060345583 0.06912763087769153
120 1399.4110399518822 3045.191131932123 176.1342794781914 20.16359932439034 1397 1402 3043 3047 22.0 1.645878388358796 1.0239998951532514 -30.755754545399835 0.7828900212829476 nan nan nan nan nan nan nan
121 1317.5493124973548 3053.8707003786817 176.13500621081556 20.163671543654573 1314 1321 3052 3056 34.0 2.1504359277492613 1.2131579734162432 -10.517135053692762 0.8256756404110123 nan nan nan nan nan nan nan
122 4047.5509561063814 3113.4283052315 176.1107708669261 20.16416993201948 4044 4051 3112 3115 25.0 2.0515016714157603 0.9075583597995459 16.019701700505554 0.8968240879323287 -0.003834942588582635 0.00847233273088932 0.0 0.03968189606530359 0.019474871129307826 0.10057605313180479 0.04554954535483988
123 6827.594348391784 3150.487037597568 176.08609114960078 20.164477458943757 6825 6830 3147 3154 42.0 2.1366451522709227 1.513974616720554 74.06264960861843 0.7056349068478391 -0.006935757119208574 0.005260597448796034 0.0 0.04848349204257829 0.022308417065981568 0.46711588374154334 0.0991911175359832
124 1538.6858358547017 3179.967200085652 176.13304326127022 20.164722639225776 1536 1542 3176 3184 52.0 2.213364614638526 1.7132213679167647 -87.78479882408254 0.6331429828218389 nan nan nan nan nan nan nan
125 4247.768454916414 3202.612603783062 176.10899345361582 20.16491315610921 4244 4251 3199 3206 54.0 1.9257511813544341 1.9046112619483935 85.17907158658313 0.14776494821579494 -0.00512146670371294 0.005968560464680195 0.0 0.06445340155914892 0.02518775930437799 0.022611761289544657 0.040331217915608224
126 2336.4819378977895 3216.490079418141 176.1259608836392 20.165027867483225 2335 2338 3215 3218 12.0 0.9475394594633959 0.9442397256826217 -43.40010771812902 0.08338297150392081 0.002134948503226042 0.01003329735249281 0.0 0.07146953931078315 0.01291945552474352 0.21886406544948425 0.038281313634237854
127 2051.2051231294827 3220.0455790870587 176.12849342977276 20.165057217741875 2049 2053 3218 3222 19.0 1.4383252260151755 1.0224233431765417 41.36699848454381 0.7033507687760118 nan nan nan nan nan nan nan
128 1303.0276620930088 3327.0036900084065 176.1351355255077 20.165947631669837 1300 1306 3324 3330 41.0 1.8865463965280016 1.589188768986079 46.78653237438372 0.5388841251926499 nan nan nan nan nan nan nan
129 4837.398170653563 3342.7982382333316 176.10375899501656 20.166081329737686 4837 4838 3342 3344 5.0 0.7704061694447067 0.44813655226985133 -71.67855084797316 0.8134115027228905 -0.002734706038609147 0.00530770281329751 0.0 0.002879947525798343 0.0075454796408828805 0.06688989222666974 0.03571825441851393
130 5953.18682449766 3369.6822440642736 176.09385350426652 20.16630486397058 5949 5957 3365 3374 73.0 2.347043782002592 2.1253105473526333 -80.71296843502786 0.4242895223463828 -0.006446980871260166 0.0086276326328516 0.0 0.14560275733310846 0.030114813246504505 0.24858080119046488 0.06498023143697565
131 4112.708240850768 3375.0963388182854 176.11019247133513 20.166350507903413 4106 4119 3370 3380 82.0 3.802185285480872 1.6604823288105188 34.79365958439834 0.899598513802961 -0.007878522388637066 0.0072141229175031185 0.0 0.09823727337061428 0.03277603256084646 0.1458533780168464 0.11407818618533916
132 6249.050955235763 3381.370657805478 176.09122694135527 20.166402042102273 6246 6252 3377 3384 29.0 2.52436019487441 1.093065654589226 54.44169169056416 0.9013905541978128 -0.0036927370820194483 0.005976006854325533 0.0 0.03225484938593581 0.01887300660806243 0.04089578810273514 0.05437640176312505
133 3210.3511639876033 3389.0950443273437 176.11820321417778 20.16646687104569 3206 3215 3383 3396 105.0 3.575167736069809 2.117314278309803 -69.10085241574704 0.8057704691291107 -0.006469768937677145 0.013174890540540218 0.0 0.13301635241077747 0.03649902990380148 0.39827287890061025 0.09391821382861394
134 4509.475027849992 3422.6107087566156 176.1066701450417 20.166746474971454 4501 4518 3411 3432 262.0 5.690245821036254 3.17688173515752 63.348927918777484 0.8296370756398107 -0.006234745029360056 0.009034351445734501 0.0 0.46166492659676805 0.05687542426199701 1.156623735858421 inf
135 4626.977636343675 3445.5062707072107 176.1056270025812 20.166937262012066 4626 4628 3444 3447 8.0 0.8466798036905347 0.7028047917791005 89.16454946774924 0.5576569477187715 -0.0027290009893476963 0.006194552406668663 0.0 0.004191854270175099 0.00958417498944468 -0.031457454604427386 0.03684651886579366
136 2430.2209917388486 3460.177003673542 176.12512894266143 20.16705867545218 2420 2441 3448 3473 456.0 5.401373838922749 4.596314288634307 89.57727331826219 0.5252421363033336 -0.013646780513226986 0.012069759890437126 0.0 0.27253454614037764 inf 0.6379934888940231 inf
138 2826.179707494114 3491.2655575023846 176.12161380010843 20.167318057315768 2824 2828 3489 3494 22.0 1.4124405853219024 1.2182658960872643 85.3568016350076 0.5060137505265774 -0.0033957252744585276 0.007234211079776287 0.0 0.01613932100008242 0.01592627423089183 0.20565411271280615 0.07267862747024845
139 6658.369235674521 3590.686055966631 176.08759296496845 20.168145960998253 6655 6662 3587 3594 49.0 1.9648493389054746 1.7986439512763082 46.35539667228294 0.4025213000965002 -0.003376793349161744 0.008797900751233101 0.0 0.11219730634911684 0.024109370527065913 0.17895547990569896 0.06301978294522623
140 2000.5153615469164 3631.2071727412135 176.12894389385545 20.168483510711106 1996 2005 3627 3636 76.0 2.2674355174828027 2.1535892336021214 -7.021049649227907 0.31288587487096725 nan nan nan nan nan nan nan
141 1663.4975016610163 3649.012997422737 176.13193585588965 20.16863150873147 1661 1666 3647 3651 26.0 1.5178712881290073 1.2709007724888095 0.4426114747647171 0.5467567050832401 nan nan nan nan nan nan nan
142 7101.348327005989 3658.2083771120033 176.08366025698615 20.168708156004854 7100 7103 3656 3660 14.0 1.169635406990741 0.9160336608015426 65.18814843409768 0.6217965573810308 -0.0014485599240288138 0.008174625225365162 0.0 0.034094308080966584 0.0132726477076543 0.1533632595138847 0.05267579364187956
143 2227.1313803497324 3667.5984169269746 176.12693210509968 20.168787000725846 2224 2230 3665 3670 36.0 1.7706969959096028 1.4941399920064182 -17.313180729523072 0.5366347983813969 -0.004069602582603693 0.005864606238901615 0.0 -0.0070853812831046525 0.02111022653152016 0.03323097196494038 0.06231243777064925
144 8047.659173261373 3730.1930708219584 176.07525906941245 20.169306686891044 8044 8051 3726 3734 57.0 2.3579698901835253 1.754419767979539 55.281664274960114 0.6681370344776902 nan nan nan nan nan nan nan
145 5541.343182243198 3753.8856035386198 176.09750946265217 20.16950680730158 5538 5545 3751 3757 42.0 1.9360548812223695 1.519052041561442 8.575142838007356 0.6199870068073071 -0.007367155980318785 0.007786856964230537 0.0 -0.008352701079274993 0.02365303065509999 0.026490010658065666 0.0444788773761928
146 5861.559468306389 3789.3418040878055 176.09466663904863 20.169802088710448 5857 5866 3785 3794 85.0 2.337293626620403 2.272702056547329 27.898366729671977 0.2334666787757697 -0.0072899796068668365 0.007256419863551855 0.0 -0.011348253436153755 0.03259130121027685 -0.13584217790128086 0.0575105481783046
147 2759.022932807773 3802.3485170886083 176.12221023326174 20.169910367438018 2754 2765 3794 3812 150.0 4.915971174310477 2.158748835616241 -66.72102449844783 0.8984236898447017 -0.0058345552533864975 0.011374502442777157 0.0 0.35750981987803243 0.04499055378283935 0.6148596083704567 0.11659509537996489
148 2617.3254491486337 3810.8831132284813 176.12346819793316 20.1699813816871 2614 2621 3808 3814 44.0 1.949409627234621 1.633177831546055 1.7836530623167663 0.5460068122373904 -0.007407459430396557 0.006464142352342606 0.0 0.03778675989815383 0.02362234376958417 0.12499259052963502 0.06053499650506617
149 5716.530860357113 3814.5309476432767 176.09595415277857 20.170012088548855 5714 5719 3812 3817 32.0 1.5211972266863782 1.5039752339660308 -1.5581777459745958 0.15004835714977538 -0.0030997800640761852 0.005297433119267225 0.0 0.033091224897361826 0.02034445771887736 0.051035569293477905 0.0422523544304806
150 6019.716224422226 3934.652995555219 176.09326244857422 20.171012906097253 6011 6028 3926 3942 235.0 3.2502905244590505 3.0838428110745038 27.469009965161067 0.3159077900990531 -0.00782560370862484 0.007984193973243237 0.0 -0.09319209629393299 0.0530949672802635 -0.09829500565976226 0.06892667440001049
151 3093.5119706332794 3946.00191748316 176.119240805259 20.17110769710616 3092 3095 3944 3948 16.0 1.1925492485719744 0.9901560982008439 -89.70861654677513 0.5573386204907692 -0.00351011473685503 0.005324816331267357 0.0 0.007294586066564079 0.015013711505908228 0.039332832291393005 0.044146783659090444
152 1679.6740825140178 3950.6816684453697 176.13179263306944 20.171145433664652 1676 1684 3947 3954 54.0 2.1309838464481623 1.859409763540039 19.324444502660906 0.48850821490736457 nan nan nan nan nan nan nan
153 7248.329773591901 3980.503871912901 176.08235496290564 20.171393769311052 7244 7253 3976 3985 71.0 2.1988727655519007 2.0952869928592985 57.032907732100874 0.30331162344397744 -0.007167680189013481 0.006825277116149664 0.0 -0.01581802398141008 0.029275554275303418 -0.03904926853092429 inf
154 4399.731169380258 4001.5585590552428 176.10764440335194 20.171571043487152 4387 4413 3989 4013 521.0 3.4847350465379607 3.37775218786706 2.999516687305624 0.24588277782357978 -0.009972219355404377 0.14774325489997864 0.0 1.6519530222280991 inf 1.6123089437872906 inf
155 4635.952489970733 4022.4823590193128 176.10554726018526 20.17174539507356 4631 4641 4018 4027 97.0 2.507096958638956 2.3154254537864034 -6.5686087259493515 0.383481814469547 -0.005550262983888388 0.007031724788248539 0.0 0.06117985476885224 inf 0.03935493873015601 inf
156 2311.905314740382 4056.356460135357 176.1261798904866 20.172026730941546 2311 2313 4055 4058 11.0 1.0766565277679174 0.7642914579506739 -75.12303600308063 0.7043277711767114 -0.002662820275872946 0.010077721439301968 0.0 0.027027623771573417 0.013157853730790363 0.11490826276115287 0.05176269090387684
157 4007.1316949701454 4083.1492710535167 176.1111298628731 20.172250933414976 4004 4010 4080 4086 39.0 1.7366930755472403 1.603922766370157 43.936763927948704 0.38347819873630484 -0.00421593664214015 0.01494515035301447 0.0 0.18441838389844634 0.024527822798681282 0.2587388322591616 0.045469412734680865
