Data/Catalogs/Detection-F475W_Analysis-F814W_Catalog.ecsv
# %ECSV 1.0
# ---
# datatype:
# - {name: label, datatype: int64}
# - {name: xcentroid, datatype: float64}
# - {name: ycentroid, datatype: float64}
# - {name: sky_centroid.ra, unit: deg, datatype: float64}
# - {name: sky_centroid.dec, unit: deg, datatype: float64}
# - {name: bbox_xmin, datatype: int64}
# - {name: bbox_xmax, datatype: int64}
# - {name: bbox_ymin, datatype: int64}
# - {name: bbox_ymax, datatype: int64}
# - {name: area, unit: pix2, datatype: float64}
# - {name: semimajor_sigma, unit: pix, datatype: float64}
# - {name: semiminor_sigma, unit: pix, datatype: float64}
# - {name: orientation, unit: deg, datatype: float64}
# - {name: eccentricity, datatype: float64}
# - {name: min_value, datatype: float64}
# - {name: max_value, datatype: float64}
# - {name: local_background, datatype: float64}
# - {name: segment_flux, datatype: float64}
# - {name: segment_fluxerr, datatype: float64}
# - {name: kron_flux, datatype: float64}
# - {name: kron_fluxerr, datatype: float64}
# meta: !!omap
# - {date: '2025-03-07 10:22:20 CST'}
# - version: {Python: 3.12.5, astropy: 6.1.2, bottleneck: null, gwcs: 0.21.0, matplotlib: 3.10.0, numpy: 1.26.4, photutils: 1.12.0, scipy: 1.14.0,
#     skimage: 0.24.0, sklearn: 1.5.1}
# - {localbkg_width: 0}
# - {apermask_method: correct}
# - kron_params: !!python/tuple [2.5, 1.4, 0.0]
# - __serialized_columns__:
#     area:
#       __class__: astropy.units.quantity.Quantity
#       unit: !astropy.units.Unit {unit: pix2}
#       value: !astropy.table.SerializedColumn {name: area}
#     eccentricity:
#       __class__: astropy.units.quantity.Quantity
#       unit: !astropy.units.Unit {unit: ''}
#       value: !astropy.table.SerializedColumn {name: eccentricity}
#     orientation:
#       __class__: astropy.units.quantity.Quantity
#       unit: &id001 !astropy.units.Unit {unit: deg}
#       value: !astropy.table.SerializedColumn {name: orientation}
#     semimajor_sigma:
#       __class__: astropy.units.quantity.Quantity
#       unit: !astropy.units.Unit {unit: pix}
#       value: !astropy.table.SerializedColumn {name: semimajor_sigma}
#     semiminor_sigma:
#       __class__: astropy.units.quantity.Quantity
#       unit: !astropy.units.Unit {unit: pix}
#       value: !astropy.table.SerializedColumn {name: semiminor_sigma}
#     sky_centroid:
#       __class__: astropy.coordinates.sky_coordinate.SkyCoord
#       dec: !astropy.table.SerializedColumn
#         __class__: astropy.coordinates.angles.core.Latitude
#         unit: *id001
#         value: !astropy.table.SerializedColumn {name: sky_centroid.dec}
#       frame: icrs
#       ra: !astropy.table.SerializedColumn
#         __class__: astropy.coordinates.angles.core.Longitude
#         unit: *id001
#         value: !astropy.table.SerializedColumn {name: sky_centroid.ra}
#         wrap_angle: !astropy.coordinates.Angle
#           unit: *id001
#           value: 360.0
#       representation_type: spherical
# schema: astropy-2.0
label xcentroid ycentroid sky_centroid.ra sky_centroid.dec bbox_xmin bbox_xmax bbox_ymin bbox_ymax area semimajor_sigma semiminor_sigma orientation eccentricity min_value max_value local_background segment_flux segment_fluxerr kron_flux kron_fluxerr
[from data line 162]
201 6667.4876717017405 4855.218961839886 176.08751064837608 20.178683725299578 6665 6670 4853 4858 28.0 1.4769144163102157 1.4581609358683794 5.696362331029417 0.158852933010867 0.005290628410875797 0.039528656750917435 0.0 0.6340784057974815 0.06439738387271664 2.5789280371005487 0.23904761935489371
202 763.602717589385 4887.074146352488 176.1399269770762 20.17894741062826 753 774 4867 4910 689.0 8.412899745161408 4.297800278137405 -84.0478045853696 0.8596648896397256 0.036737121641635895 0.6897104978561401 0.0 118.8609305396676 0.5033450358933064 175.08724414180827 0.7921092882976855
203 697.3809026275638 4956.872281611425 176.14051503526576 20.179528953700014 695 700 4954 4960 36.0 1.7599369250680108 1.4748562717007383 -73.57502988310806 0.5456448116327763 -0.004292620811611414 0.08942878991365433 0.0 1.188209555533831 0.0756285249249968 2.0178460516413987 0.17202105303773646
204 4775.982092897159 5054.7710718362705 176.1043039061605 20.18034778129476 4711 4832 5013 5095 3472.0 5.776708847132334 4.850470843878853 19.43429450406539 0.5431125405490318 -0.006449074484407902 98.51537322998047 0.0 4233.921634163227 2.6118441423030596 4074.3587943341226 2.497834744255586
206 6938.6272053213925 5024.898853231945 176.0851031938694 20.180097432878533 6934 6943 5020 5029 72.0 2.2261369973624068 2.082739373251787 53.679253453109816 0.353102755926839 0.0035732900723814964 0.4216592311859131 0.0 6.4282956069801 0.13330250092458978 7.316407677844994 0.17671181746377207
207 4871.501166099762 5026.995712416134 176.1034558594459 20.18011630152678 4870 4873 5025 5029 18.0 1.3781495416546747 0.9914197623691929 66.63889502310089 0.6946118215472766 0.028349706903100014 0.0686291754245758 0.0 0.856394549831748 0.06134403192012848 7.173709420159436 0.23630691444962074
208 4731.502665943216 5055.99823302112 176.1046988104845 20.18035801483878 4729 4734 5055 5057 16.0 1.589865833876324 0.7559244069877582 9.23845703644336 0.8797350297894232 -0.015500485897064209 0.027289066463708878 0.0 0.1679274753550999 0.05048033195048282 3.9941590089438526 0.2231427998031466
209 6185.201717934409 5059.904980988256 176.09179233801387 20.18038987943437 6183 6188 5058 5062 23.0 1.3977214990932425 1.2290288182087512 -21.288257054855812 0.4762520646414899 0.008596405386924744 0.04416003078222275 0.0 0.5365059142932296 0.05899145288252125 1.7267543965719347 0.17976080702906005
210 2088.2691694738623 5065.687629698908 176.12816640971974 20.180437605362798 2082 2095 5062 5070 102.0 3.28267427836665 2.1293757171641747 -1.1016839150889812 0.7610689128790769 -0.006625990383327007 0.0479317381978035 0.0 2.191750162281096 0.12437200760109315 3.4802383155173215 0.23791220560899912
211 7546.191168225846 5068.285819773988 176.0797089648171 20.180458218974575 7541 7551 5065 5072 67.0 2.6894681294680454 1.8071108631692117 4.57792315836364 0.7406225731994793 0.00031231663888320327 0.04611534625291824 0.0 1.5131378879887052 0.09789590470281985 4.100671841328179 0.27144190838895166
213 7502.344849412691 5151.313825799357 176.08009812596882 20.181150180149082 7500 7505 5149 5153 22.0 1.4916616294811342 1.0958261314251971 10.618114505352368 0.6784630541667475 -0.007960607297718525 0.011029277928173542 0.0 0.05538087515742518 0.05138721346788156 0.2059467016857509 0.14209552383482457
214 1683.0481325341284 5186.3826725250665 176.13176426600464 20.181442945157023 1680 1686 5184 5189 30.0 1.5817123331475205 1.4307642995754606 32.0419988250569 0.42633213821907456 0.0021798356901854277 0.03651335835456848 0.0 0.512614099541679 0.06457519050265625 2.3589075817761644 0.23345560153178946
215 2744.4110947833806 5209.370388253024 176.12234105251292 20.18163553860922 2739 2750 5204 5214 111.0 2.589434848101365 2.4157139464645057 7.315025393959041 0.3601053266274477 0.016569068655371666 1.0315016508102417 0.0 19.10199329815805 0.2097540546672627 21.004320281576454 0.250937367050626
216 6726.998487920418 5214.28610050222 176.08698189732263 20.18167589007654 6723 6732 5209 5220 95.0 2.9390541623665327 2.1311691170396623 -73.59363877998233 0.6886217527644861 -0.008183939382433891 0.057760853320360184 0.0 1.860073412884958 0.11747738568357814 2.2835663613954473 0.21543827143017638
217 6471.7649267769375 5247.740363134942 176.08924793968598 20.181954926765112 6468 6476 5244 5252 64.0 2.189237665988526 2.0285199978228037 -85.35879481876353 0.3760795437784467 -0.0062973895110189915 0.06385502964258194 0.0 1.0467565387079958 0.09654375297472628 1.6089593544605418 0.19054782107886123
218 4263.326266331929 5262.9326714094595 176.1088554635138 20.18208249080293 4254 4273 5253 5272 318.0 3.314194886632189 3.2022546272832004 -0.09592727599842814 0.25770368511398656 -0.006563715636730194 4.072133541107178 0.0 71.04251042360556 0.3907392164106425 72.20812136998687 0.40972156591788916
220 1171.5115002899117 5363.082400834276 176.13630617505714 20.182914767442984 1167 1176 5359 5367 70.0 2.6007588629648684 2.027196213843808 26.513778266265877 0.6264478328006049 -0.0006967501831240952 0.04106889292597771 0.0 1.2650913295219652 0.09806988668468727 4.8653200744789515 0.3172781394878003
221 7346.7185284891275 5371.590693201804 176.08147953085498 20.18298603084678 7343 7350 5368 5375 50.0 2.0325214998960752 1.7644861610348392 -42.55404791659303 0.4963426749577254 0.00045130422222428024 0.046917062252759933 0.0 1.0868138594960328 0.08566960050189136 2.231482122399143 0.20360054812977993
222 1175.213851948624 5375.774189060986 176.1362733230613 20.18302053763581 1171 1179 5370 5381 78.0 2.9954790095709476 1.890296489507274 59.12613017446914 0.7757423056677961 0.011524043045938015 0.07967060059309006 0.0 2.788118351250887 0.11337901758909255 10.540552052162461 0.37225367445794055
223 7317.996454161886 5370.502578675649 176.08173454164952 20.182977000875045 7317 7319 5370 5371 6.0 0.8114117573040504 0.4999908562256883 0.14159244214379108 0.7875907459224372 0.005523274652659893 0.022015167400240898 0.0 0.08791788620874286 0.027916977918288476 0.4452530854946561 0.10008564354368772
224 7303.821342584762 5376.2383150553605 176.08186038761232 20.183024817117182 7300 7308 5372 5381 65.0 2.543823503755029 1.8880498920045474 -56.547793427675856 0.6701679670768533 0.011866194196045399 0.048946984112262726 0.0 1.8244702238589525 0.10104925350339912 8.793360884010157 0.3316343120687656
225 1714.6595064176051 5381.207607215226 176.13148385415042 20.183066524012776 1713 1716 5379 5383 14.0 1.1570217927201176 0.9125108074947802 -65.4702926369601 0.6148140515807705 0.011526977643370628 0.05480928346514702 0.0 0.41060496401041746 0.04675265852182556 1.5962980182899893 0.1397919403222585
226 7231.117085757588 5415.730585829478 176.08250584016605 20.183354012531332 7226 7236 5411 5420 81.0 2.95155742888122 1.94070478188069 -39.52270174091374 0.7534380541948555 -0.0015693370951339602 0.0378238745033741 0.0 1.2289207383291796 0.16685623167011793 3.043554521140709 0.2964522550363589
227 5561.68897898717 5422.204094677795 176.0973279106597 20.183409450561612 5558 5566 5418 5426 63.0 2.154939244327173 1.9804132965461678 53.02599601695221 0.3942314268938271 0.005399560555815697 0.37184375524520874 0.0 4.996712883934379 0.12387393452092252 6.371082702701571 inf
228 5035.098939674026 5448.590633761591 176.102003252119 20.183629551431892 5031 5039 5446 5451 43.0 2.2685567061182828 1.4129536720966729 12.35348702160472 0.7823472006045238 0.012062536552548409 0.0756588727235794 0.0 1.6007307898253202 0.08902911793573239 4.408262018676748 0.24177015645585412
229 5000.873755541975 5457.138424699241 176.10230711966312 20.183700792592145 5000 5002 5456 5458 8.0 0.8534890706388026 0.6845558002033109 44.677828357281896 0.5972334635204125 0.03826243430376053 0.08085554093122482 0.0 0.48561618849635124 0.04134054501140219 1.8408772945900747 0.1224239969514351
231 7231.210568001831 5471.316529908621 176.0825049352522 20.183817228556972 7226 7236 5466 5476 90.0 2.5934464134137927 2.4144107197628224 -36.84040755363991 0.3651056031836819 0.006247168406844139 0.04917939007282257 0.0 2.2850367231294513 0.11819751730716503 5.150254208904887 0.2823574385515766
232 3433.8188763728626 5470.338000327443 176.1162203077032 20.18381066828135 3431 3437 5468 5472 26.0 1.7746358501197126 1.098962783352006 7.1624009043349615 0.7851852045121701 -0.017518604174256325 0.05807362124323845 0.0 0.2201892620723811 0.0678609562857443 0.1395623390536539 0.16774637560896968
233 2720.790310075489 5520.1678984939335 176.122551014351 20.184225500272895 2715 2727 5514 5526 127.0 2.638327046967272 2.5611599514254326 4.208306826717214 0.24008647528340488 -0.008593988604843616 0.37660375237464905 0.0 7.599300406140173 0.17268125797797798 8.163381560546714 0.2224305081136681
234 4411.415628203712 5547.405343290214 176.10754065484437 20.1844530998386 4405 4418 5541 5553 134.0 2.772098948865665 2.6013426620145523 -28.246776462708194 0.34554601596572543 -0.014915674924850464 0.42796555161476135 0.0 8.247318251887918 0.17284498382002123 8.344501759296676 0.22293826492719113
235 6222.757151607445 5592.315591798384 176.09145844424194 20.18482660391088 6218 6229 5588 5597 97.0 2.7393392109272514 2.3723024052267707 -1.8837708549882448 0.5000220921298709 -0.0016656959196552634 0.09693412482738495 0.0 2.4582263555785175 0.12282972716091614 4.877425387034217 0.30014041434122113
236 3716.6900335428672 5630.614800257467 176.1137088702206 20.18514641095838 3706 3727 5619 5642 404.0 5.225948181495783 4.362399783820225 -61.99120880513079 0.550617658699744 0.007072424981743097 0.22967994213104248 0.0 31.913247835356742 0.32046532119074606 53.85240858664359 0.6463553222619949
238 5988.750597066341 5657.79157657649 176.09353604938826 20.185372415946656 5986 5992 5655 5661 35.0 1.6743684410807198 1.5478409536402356 83.98499802700616 0.3813452068207348 0.006662178318947554 0.06871102005243301 0.0 0.9681412451900542 0.07478699405720493 1.965081884847705 0.20230023513297024
239 6707.200015610792 5663.781848161414 176.087157182685 20.18542170815901 6702 6712 5655 5673 132.0 4.655932085731543 2.0416768302476944 -63.837706830336245 0.8987258852203712 0.007337604183703661 0.06133410334587097 0.0 4.063865254167467 0.14639303729844722 11.063200095653265 0.4139672663008432
240 1416.4810054761203 5691.4760210765035 176.13413167477916 20.18565171851076 1414 1419 5689 5694 32.0 1.5378499203680938 1.5262414474358448 -79.7043684908005 0.12263782727808265 0.02479666657745838 0.11161690205335617 0.0 1.7235931921750307 0.08000078797925536 7.17575821002382 0.23318161449999691
241 950.1055654009093 5710.001936508912 176.1382724956097 20.185805434641583 948 952 5708 5712 19.0 1.2797491671244323 1.1425810655218651 0.12126635769162762 0.4504207436089754 0.00021838316752109677 0.023893268778920174 0.0 0.2108866295457119 0.04854708335799006 1.2741519572635438 0.1658156216828177
242 6394.669086415303 5764.7013530096065 176.08993193991918 20.186263004848577 6390 6399 5759 5771 90.0 3.0475891399059596 2.2078435534269687 53.965945948720716 0.6893212817700471 -0.0036057867109775543 0.06147778406739235 0.0 2.8206234944518656 0.12141003567755365 10.908888763660048 0.41818946840224686
243 7347.180618274921 5790.030922781336 176.08147484110265 20.186473031671603 7337 7356 5780 5799 251.0 5.85165462481355 2.873620629353693 43.56368108236685 0.8711154339343824 0.0026270791422575712 0.059985917061567307 0.0 6.974868492921814 0.20803552887792834 11.80099950229056 0.42129819400798385
244 6989.228064624232 5804.138014080791 176.08465298090846 20.186591033850487 6987 6992 5801 5807 34.0 1.7925536759071519 1.4123295343620264 78.49214304649239 0.6158199852926162 0.00042639987077564 0.025392532348632812 0.0 0.45925104641355574 0.06840821037143624 1.6904250885939796 0.20945928801030603
245 5356.707882925618 5807.993186947358 176.0991476661377 20.18662445713588 5356 5358 5807 5809 7.0 0.7502755307068908 0.6922732434622259 89.92174200102664 0.3855378580276524 0.0018672599690034986 0.004572390113025904 0.0 0.023331112577579916 0.02961821397951539 0.06608323488770668 0.07273250580180289
246 6652.997261895988 5821.30513694854 176.08763826091544 20.1867344574007 6652 6654 5819 5823 13.0 1.2532281530334028 0.7790202563163147 -89.73032334156153 0.7833261853195685 0.000849585048854351 0.02651570923626423 0.0 0.17794295214116573 0.041675278552441214 1.5232772362093985 0.1640705995670022
247 6025.661135551659 5824.539679788647 176.09320820427425 20.18676195677858 6024 6028 5823 5826 15.0 1.2778561850486394 0.8964094603905381 31.693214609542018 0.712674578598807 0.013477647677063942 0.026451800018548965 0.0 0.3073244607076049 0.04780832162004492 2.015426527853152 0.20383389981428102
248 922.0047314300051 5833.289502848312 176.13852219659512 20.186832787581704 921 923 5832 5834 7.0 0.7530091059447779 0.6951727023982175 0.966835659858579 0.38433678724 0.008313585072755814 0.03021678701043129 0.0 0.12644588388502598 0.03057755008169192 0.9182016989279136 0.11644200420736693
250 1200.4958987048983 5848.270161974776 176.13604957121947 20.186958039533234 1199 1202 5845 5852 28.0 2.0844357354612084 1.028458561879558 84.40067964992241 0.8698030817530027 0.01491626538336277 0.0435132160782814 0.0 0.9468302261084318 0.06709611564200524 7.703068578410955 0.2693369423810506
251 5469.272022210359 5867.711200803397 176.09814821000504 20.187122055922874 5465 5474 5860 5878 149.0 4.66298027608767 2.2732090625956207 -82.68688272710803 0.8731222470058229 -0.005433885846287012 0.07099631428718567 0.0 3.0621310246060602 0.15198485438333412 4.886900766725648 0.4549772087738174
252 3400.89849757587 5879.963105576054 176.11651278559188 20.187224196385127 3386 3418 5869 5893 547.0 6.703330365731646 4.175909886225435 -24.543713222586465 0.7822533114878827 -0.0044014947488904 0.27369225025177 0.0 28.04513301042607 0.34108631116819305 34.26501575035133 0.517542906893572
253 2565.400367266878 5879.107224049523 176.12393096778817 20.187216540112097 2562 2569 5875 5883 52.0 2.172431624451053 1.7227414649141237 57.22340462753031 0.6092197251450189 0.0024014106020331383 0.08132578432559967 0.0 1.3284936270210892 0.09521812576815417 3.574238022204213 0.2618539588233173
254 1043.9173186515918 5930.724601070401 176.13743992230778 20.18764493169658 1037 1051 5917 5939 234.0 4.303076842669709 2.973721730834973 -86.76699389900601 0.7227890759358341 -0.008876383304595947 0.1896398812532425 0.0 6.62925463337524 0.18891036057475646 8.713922345669994 0.3015931744829144
255 4043.8712964431525 5947.070852735324 176.1108039986613 20.187783618965643 4041 4047 5944 5950 37.0 1.966014726727105 1.4008323128247155 41.42797337739679 0.7016479270255987 0.00373861868865788 0.07426737993955612 0.0 1.1870616667438298 0.08515573476244619 5.607705127497672 0.29006700926168155
256 5433.812950056372 5990.003776563899 176.098462981655 20.18814117742263 5432 5435 5989 5991 10.0 0.9641083999004734 0.7716872829641233 0.40309796444980434 0.5994456332345978 0.008830544538795948 0.04499136656522751 0.0 0.2769599547609687 0.04410696268676621 1.1626852153943201 0.1333116217817272
257 435.3986695905516 5999.806863126178 176.14284295294715 20.18821962707549 433 438 5998 6002 22.0 1.633442304007953 1.0179003181975956 30.476182092478016 0.7820922247425653 0.005649249535053968 0.035430192947387695 0.0 0.5007559531368315 0.055395070868397955 2.202504896546104 0.18756636454229497
258 655.5767613989645 6089.554545199261 176.14088819281318 20.18896790152652 643 667 6077 6101 489.0 3.6098400627639537 3.5154626075005897 43.51520481350492 0.22716835313117284 0.020119816064834595 9.6913480758667 0.0 313.7207790259272 0.7267842724849773 314.1208295270644 0.7271534621445773
