Data/Catalogs/Detection-F475W_Analysis-F814W_Catalog.ecsv
# %ECSV 1.0
# ---
# datatype:
# - {name: label, datatype: int64}
# - {name: xcentroid, datatype: float64}
# - {name: ycentroid, datatype: float64}
# - {name: sky_centroid.ra, unit: deg, datatype: float64}
# - {name: sky_centroid.dec, unit: deg, datatype: float64}
# - {name: bbox_xmin, datatype: int64}
# - {name: bbox_xmax, datatype: int64}
# - {name: bbox_ymin, datatype: int64}
# - {name: bbox_ymax, datatype: int64}
# - {name: area, unit: pix2, datatype: float64}
# - {name: semimajor_sigma, unit: pix, datatype: float64}
# - {name: semiminor_sigma, unit: pix, datatype: float64}
# - {name: orientation, unit: deg, datatype: float64}
# - {name: eccentricity, datatype: float64}
# - {name: min_value, datatype: float64}
# - {name: max_value, datatype: float64}
# - {name: local_background, datatype: float64}
# - {name: segment_flux, datatype: float64}
# - {name: segment_fluxerr, datatype: float64}
# - {name: kron_flux, datatype: float64}
# - {name: kron_fluxerr, datatype: float64}
# meta: !!omap
# - {date: '2025-03-07 10:22:20 CST'}
# - version: {Python: 3.12.5, astropy: 6.1.2, bottleneck: null, gwcs: 0.21.0, matplotlib: 3.10.0, numpy: 1.26.4, photutils: 1.12.0, scipy: 1.14.0,
#     skimage: 0.24.0, sklearn: 1.5.1}
# - {localbkg_width: 0}
# - {apermask_method: correct}
# - kron_params: !!python/tuple [2.5, 1.4, 0.0]
# - __serialized_columns__:
#     area:
#       __class__: astropy.units.quantity.Quantity
#       unit: !astropy.units.Unit {unit: pix2}
#       value: !astropy.table.SerializedColumn {name: area}
#     eccentricity:
#       __class__: astropy.units.quantity.Quantity
#       unit: !astropy.units.Unit {unit: ''}
#       value: !astropy.table.SerializedColumn {name: eccentricity}
#     orientation:
#       __class__: astropy.units.quantity.Quantity
#       unit: &id001 !astropy.units.Unit {unit: deg}
#       value: !astropy.table.SerializedColumn {name: orientation}
#     semimajor_sigma:
#       __class__: astropy.units.quantity.Quantity
#       unit: !astropy.units.Unit {unit: pix}
#       value: !astropy.table.SerializedColumn {name: semimajor_sigma}
#     semiminor_sigma:
#       __class__: astropy.units.quantity.Quantity
#       unit: !astropy.units.Unit {unit: pix}
#       value: !astropy.table.SerializedColumn {name: semiminor_sigma}
#     sky_centroid:
#       __class__: astropy.coordinates.sky_coordinate.SkyCoord
#       dec: !astropy.table.SerializedColumn
#         __class__: astropy.coordinates.angles.core.Latitude
#         unit: *id001
#         value: !astropy.table.SerializedColumn {name: sky_centroid.dec}
#       frame: icrs
#       ra: !astropy.table.SerializedColumn
#         __class__: astropy.coordinates.angles.core.Longitude
#         unit: *id001
#         value: !astropy.table.SerializedColumn {name: sky_centroid.ra}
#         wrap_angle: !astropy.coordinates.Angle
#           unit: *id001
#           value: 360.0
#       representation_type: spherical
# schema: astropy-2.0
label xcentroid ycentroid sky_centroid.ra sky_centroid.dec bbox_xmin bbox_xmax bbox_ymin bbox_ymax area semimajor_sigma semiminor_sigma orientation eccentricity min_value max_value local_background segment_flux segment_fluxerr kron_flux kron_fluxerr
3 1924.3254073809073 416.51336272635046 176.12961652429738 20.141694318774853 1920 1931 408 421 2.0 3.8360370886694146 2.205067892327111 44.383737239172646 0.8182730980017546 0.012316764332354069 0.03891574218869209 0.0 0.31508204620331526 inf 3.8892106480452626 inf
11 3539.994321863801 656.4973337413827 176.11527568082167 20.143695375512486 3538 3542 655 658 16.0 1.2151541829744992 0.991314159187671 -0.553584723034349 0.5783441350270422 0.008902786299586296 0.03545927256345749 0.0 0.341053931042552 0.04885864675345942 2.0440795852796656 0.19966104283294234
12 3879.7725555627253 702.8581717202633 176.1122597262912 20.144081818505946 3875 3889 699 710 2.0 3.868213349687793 2.1283738318314374 -46.60185493345751 0.8350187973347876 nan nan nan nan nan nan nan
16 2256.495719295994 849.0012287618446 176.12666856437056 20.145298722688786 2255 2258 848 850 12.0 1.1129559937280074 0.8142321470658033 0.3625020326271356 0.6817403686218027 0.01617514342069626 0.024584071710705757 0.0 0.2476897183805704 0.040805676574473905 4.376614339258115 0.18503443099950373
17 1959.7597064622664 883.5400652625681 176.1293025420511 20.145586245126132 1955 1965 879 888 86.0 2.6846500488278964 2.2140563572879803 -39.00733401506486 0.5655565988562355 -0.003178612794727087 0.031247025355696678 0.0 0.9942620459478348 0.10570444721044232 5.252006986882602 0.36377596240212146
18 1950.488426989461 891.4394132100387 176.12938484662476 20.145652062965645 1947 1954 888 894 41.0 1.9092737390222834 1.6772708410109431 8.659729268876465 0.4777675207089677 0.004271256737411022 0.025880103930830956 0.0 0.6979026114568114 0.07332306461491313 3.4651691308465327 0.28270145005780667
22 3429.0950409580264 1022.747849419589 176.11626022052334 20.146747417656044 3425 3433 1019 1027 61.0 2.361868729386077 1.9172966144987562 -31.827731543581713 0.583975849304081 0.009786360897123814 0.07703366875648499 0.0 2.074608912691474 0.1014703526595697 10.64160802320185 0.3571100738642883
23 4014.699255495088 1038.3086520785714 176.1110621362973 20.146877265036093 4012 4018 1036 1041 32.0 1.6885445894100444 1.3991981207569917 2.8149694443192224 0.5597796576285557 -0.002862000372260809 0.08459274470806122 0.0 1.1937886117957532 0.07503467954074072 2.002672653027566 0.17685925301724031
26 5567.261583376896 1122.5035147555443 176.097280834689 20.147578612116835 5562 5575 1118 1131 14.0 4.069634389523607 2.186808856909296 -57.4885893218721 0.8433607782773604 0.00029815902234986424 0.03483093902468681 0.0 0.07904385519213974 inf -0.022382496636715155 inf
27 4231.466155946875 1126.1286915205046 176.10913802056865 20.14760912429169 4230 4233 1124 1128 15.0 1.1419675702607193 1.0059458741858844 75.72253727096452 0.47332420069948994 -0.006060773506760597 0.03342527151107788 0.0 0.24302908452227712 0.047626988420191384 1.681177329531836 0.17414059837489657
29 4074.8273142449057 1157.9502218701332 176.1105284299957 20.147874287133163 4065 4083 1147 1167 262.0 4.530593291714013 4.075090516663086 58.279803910758424 0.4370017020991803 -0.008289522491395473 0.11346456408500671 0.0 7.149192076001782 0.3381155679278977 12.485078442565271 0.5560517307593921
31 5200.839094655082 1197.4683424338114 176.1005333543597 20.148203480795452 5197 5205 1193 1201 66.0 2.197567718866783 2.000144401330054 6.6675877272228465 0.4142507291660366 -0.0013050806010141969 0.22837455570697784 0.0 3.8527516055619344 0.12208110190114677 5.152097136962458 0.18295642855627908
32 4212.04783994318 1201.0761427229017 176.109310393586 20.148233684795496 4205 4219 1197 1205 114.0 3.4754997002379397 2.1718287258603044 0.6331006825337717 0.780707345208523 -0.0005805536638945341 0.0686272382736206 0.0 2.654578710673377 0.13544795194908804 3.2736252834995287 0.21483295747421965
33 4974.703814182127 1204.4894235777592 176.10254064984278 20.1482620599296 4973 4977 1202 1207 24.0 1.5682752359943943 1.1778745216611064 72.1513190678871 0.6602298046012045 0.00816457998007536 0.04156581312417984 0.0 0.5445265863090754 0.06645218745849792 2.146497763331 0.21375026792177426
35 2680.8521399043193 1213.329720197416 176.12290211611932 20.148335155215797 2679 2683 1211 1216 21.0 1.5310241343910949 1.0787792735419204 75.7287913322824 0.7095919506382253 0.01604503020644188 0.0413631871342659 0.0 0.5735392961651087 0.05655807490794132 3.9031976485703233 0.2210578145732842
36 3093.4644716225966 1218.6700187900567 176.11923954920533 20.148379933507805 3090 3097 1215 1222 55.0 2.0181840268945375 1.9261446603809393 -24.41973572694139 0.29854691991495047 -0.0020670637022703886 0.07515046000480652 0.0 1.5703067588619888 0.09290423390356829 2.776279376306898 0.20530203876751113
39 5688.834310921769 1263.3308971894155 176.0962016079009 20.148752106453333 5686 5692 1260 1266 37.0 2.045314205763116 1.3708251968928402 44.3923995441113 0.7421559883875656 0.0032219404820352793 0.0760950893163681 0.0 1.143317666137591 0.08209671297358437 4.612169166891778 0.2822499040527289
40 5108.121421434697 1272.3329731974502 176.1013563404184 20.1488273840943 5107 5109 1271 1274 9.0 0.9634075266874552 0.6966887458696583 -69.61806927238919 0.6906903701005043 0.0035928541328758 0.018182706087827682 0.0 0.09319170867092907 0.0367914528449362 1.2663787797202564 0.15244795300003647
42 4922.790607032515 1363.1382358911567 176.10300141928306 20.149584145990556 4918 4927 1359 1367 63.0 2.4875698749639557 1.8022990072482288 31.79128131939687 0.6892517146135995 0.0032516983337700367 0.07790292054414749 0.0 1.7089724065735936 0.10461557575597795 3.305574971515061 0.24630700993773294
43 6270.3671941715575 1386.017993969366 176.09103948438104 20.149774087675087 6268 6272 1384 1388 17.0 1.14809033551541 1.1139721225956711 85.05868358242218 0.24197437261978177 -0.016269737854599953 0.03014858439564705 0.0 0.08947055879980326 0.052370160277095734 0.2780927859704292 0.1114427943974501
46 2386.686344178087 1445.86261373586 176.12551351170768 20.150272685995944 2384 2390 1443 1449 36.0 1.9207121751915537 1.4312450394292082 -53.23897489779453 0.666881565724461 0.013483438640832901 0.03267724812030792 0.0 0.829165019094944 0.08600359904112359 13.994844412044511 0.3220246600550456
47 5691.957163923544 1468.960712838546 176.09617376074937 20.150465686088154 5679 5705 1451 1493 730.0 9.241244511389985 5.257849899855294 -78.14975820570803 0.8223688344899655 -0.005505022592842579 0.15257471799850464 0.0 28.65851678751642 0.3908099809639458 65.68719676928153 inf
48 2730.870512596227 1513.1308624020048 176.12245836195808 20.150833534982272 2730 2732 1512 1514 8.0 0.8530898897755584 0.6816573949907784 44.806601585694324 0.6012709399765114 -0.0020058625377714634 0.008854112587869167 0.0 0.018789597674185643 0.030365542425693563 0.028631569059051853 0.07021758586572276
49 1901.0496099187117 1525.2089378390472 176.12982443294462 20.1509334199982 1899 1904 1524 1527 19.0 1.662318783573282 0.9485664584676674 -19.474429502036575 0.8212083326696553 0.006063961889594793 0.025019053369760513 0.0 0.29057443467900157 0.04979840053483204 4.255566225029882 0.22874687221344153
50 6293.706927589265 1531.5792337710818 176.0908321749735 20.150987078104095 6290 6297 1528 1535 47.0 2.17918388768115 1.6499281339314817 -56.080862725966085 0.6532628343001737 -0.005370184779167175 0.047146815806627274 0.0 1.0851488531188807 0.0865528728034793 6.948134199575554 0.3236372987169931
51 1800.060934612669 1547.7123482728339 176.1307209055364 20.151120834295813 1777 1827 1529 1566 1392.0 10.353945098852709 6.537093448745054 17.43437172119376 0.7754877804990706 0.02114013023674488 1.8553192615509033 0.0 186.0036790613085 0.6636365080849095 277.13514877114335 1.0892907985473308
52 6220.1997154061 1531.4019694482593 176.09148467597197 20.150985661928356 6219 6221 1531 1532 5.0 0.771204909643334 0.4468589740617303 18.722991859974815 0.815022273292202 0.015123927034437656 0.11855976283550262 0.0 0.2874217564240098 0.03237302966050404 1.5933725639812333 0.11835330636482756
53 1914.1679054262022 1538.4196707501633 176.12970800144467 20.151043523898064 1910 1920 1532 1545 85.0 3.9728464321571266 1.8415851511770107 64.92298034302188 0.8860744256212809 0.004668212030082941 0.036433059722185135 0.0 1.816813082434237 0.10997600421861535 21.173838886781063 0.5038542715524492
54 1905.798417024898 1538.60047485169 176.12978229504657 20.151045021365576 1905 1907 1538 1539 5.0 0.7729453753645962 0.4476652956158292 18.385961663166416 0.8152081483810292 0.0036315678153187037 0.013540549203753471 0.0 0.042440263321623206 0.02447794877810835 1.5895660271982512 0.11957085713764301
55 1926.6061888028346 1551.533466607516 176.12959760593088 20.1511528191681 1923 1931 1548 1555 48.0 2.535458439834425 1.4897874794414534 32.077814155760215 0.8091652745184119 0.0012491713277995586 0.04066072031855583 0.0 0.848069787491113 0.08315862893421827 10.20818135196372 0.3569460326882953
57 3115.7964743285565 1651.604715616161 176.11904157991793 20.15198773469834 3115 3117 1651 1652 5.0 0.768692766506756 0.44848435697703276 18.16902761319674 0.8121578811956078 0.010577562265098095 0.015871042385697365 0.0 0.06385226920247078 0.026041575551621617 0.5909078022451508 0.10308716756861537
58 7840.359939851022 1679.3567546936927 176.07710277281024 20.152216715770667 7834 7851 1674 1688 33.0 4.590610173624914 2.811952165418611 -49.272305297499294 0.7904362478058178 -0.016374289989471436 0.015776153653860092 0.0 -0.050939898337674094 0.21655609772576032 0.766058303992539 inf
60 7501.924566274844 1730.2872293510823 176.08010690723992 20.152641630156655 7500 7504 1729 1732 14.0 1.2823278820927186 0.850909057997283 36.19368029784753 0.7481178339254316 0.000809640740044415 0.023062683641910553 0.0 0.13071463035885245 0.0439144101423764 1.2112750419602818 0.1781701544412969
61 2252.8024920942576 1758.9946515602055 176.12670226935055 20.152881995794125 2251 2254 1758 1760 10.0 0.974295389870582 0.7712865571733414 -0.31216079833992894 0.6109939927440392 0.011598773300647736 0.029200077056884766 0.0 0.19776119198650122 0.03969752413809636 1.4521296748408052 0.1530935245020835
64 7714.63207755546 1814.3238122531036 176.07821861604612 20.153341630361602 7712 7717 1812 1817 30.0 1.5775495975147584 1.4075977040447245 43.34950392057405 0.4515053124997687 0.003559465752914548 0.0661301389336586 0.0 0.9790768076200038 0.06858142135106192 2.6181833777356838 0.19247920143534378
65 3296.2738474162197 1829.2843384582582 176.11743961980235 20.153468493055748 3290 3303 1820 1840 192.0 4.0357558604627055 2.885644847811029 77.26814959123257 0.6991043290639013 0.00615884643048048 0.1989956945180893 0.0 12.197936408221722 0.20251727775887374 17.403715683866288 0.34799889771902204
66 2354.2483688380507 1878.9762564154576 176.12580187054584 20.153881936481323 2351 2358 1876 1882 46.0 1.8803118814161783 1.723078230446583 -23.18169730587875 0.4003118998829302 0.005695176310837269 0.12632238864898682 0.0 2.0366436685435474 0.0904552495610086 2.9435815466322977 0.17792657934922917
67 8149.480758080264 1883.941648202135 176.07435841686183 20.153921093741644 8144 8155 1880 1888 85.0 2.992984337811154 2.1184857178499916 8.184458722252876 0.7063956732798486 0.008577534928917885 0.04369153454899788 0.0 1.8482770211994648 0.1104908946209925 8.348910359661328 0.37921994245908425
68 5515.039798535025 1896.212221530305 176.0977439685222 20.154026210196246 5513 5517 1894 1898 21.0 1.370575373644808 1.1569789809586655 35.607437979114344 0.5360981204846115 -0.0005336579051800072 0.04904158413410187 0.0 0.3501452616765164 0.06039574983527264 1.1457670846689543 0.19628881145745242
69 1833.704940907009 1994.3002187360844 176.13042279937687 20.154842437576228 1832 1835 1993 1996 10.0 0.9894524473640832 0.7811388772022975 44.47355104697614 0.6137945387655402 0.007799954619258642 0.036161258816719055 0.0 0.23152243858203292 0.03774451170518684 1.2602776516905474 0.1446910286849544
70 8376.798907798679 2007.9420638936635 176.07234031187912 20.15495403859992 8373 8381 2004 2012 65.0 2.0135398173903054 1.9847351501136985 62.70252602455283 0.16854176528421605 -0.010672220028936863 0.013746551238000393 0.0 -0.05393623002237291 0.08868712303891525 -0.005273722300972013 0.13219312154617555
71 4112.512861142392 2017.1815063080141 176.11019402688783 20.155034551640142 4104 4121 2008 2027 286.0 4.431961501072792 3.8542190645236802 -75.43043544809748 0.4936832035545537 0.007512557785958052 0.1467088907957077 0.0 16.927363013383 0.25358377519951203 24.518229337957347 0.44278047082874655
72 8193.194102256177 2022.5967007151648 176.0739701296865 20.15507647864929 8188 8198 2019 2027 77.0 2.6650483786662402 2.0727970051700293 -4.795303694246057 0.628547904671043 0.001597319613210857 0.07999633997678757 0.0 2.5172468674136326 0.11211923955270688 5.517750373266088 0.29563399329091833
73 7811.98665720261 2036.416754973456 176.0773540561418 20.155192258326043 7805 7819 2030 2043 175.0 3.1391287581085305 2.8573546389273288 31.712796235733094 0.41408522874695286 0.04260380193591118 10.69156551361084 0.0 187.38073497638106 0.5482206083830342 199.895883027898 0.5816991416809274
74 8667.51020768628 2086.388101462 176.06975953336897 20.155607221010097 8664 8671 2081 2092 70.0 2.919664927172443 1.7979573799510464 -74.72635473386146 0.7878950867548641 0.021494796499609947 0.0776139572262764 0.0 3.4649088606238365 0.14602933553521497 25.075337351202283 inf
75 7957.156721006611 2117.92921153086 176.0760652538768 20.155871302956726 7955 7959 2115 2121 28.0 1.6663869378526535 1.2699784620903793 82.3098065997261 0.6474416917383116 -0.001993800513446331 0.03484942018985748 0.0 0.5239135299343616 0.0612446573988201 1.807033459576377 0.20671297318318832
76 8516.966697230986 2121.9554457655854 176.07109583120936 20.15590389686958 8514 8520 2119 2124 28.0 1.788243318188868 1.203866882980394 32.67011790927813 0.7394495157202373 0.039247479289770126 0.1982150375843048 0.0 3.478463489562273 0.08995158054998378 11.77783432725763 0.23493213951937958
77 7690.159686274789 2146.0323133433762 176.07843533397718 20.156105903236394 7669 7711 2121 2174 1590.0 9.043344097768191 6.462068050115332 64.72576626984217 0.699567825304804 0.01870470680296421 4.24530553817749 0.0 326.81055493466556 0.818511983887259 403.0721593743133 1.0335473285882386
78 4630.501228166486 2142.2017938205677 176.10559587003013 20.156076391590577 4629 4632 2141 2143 10.0 1.02082629228309 0.7463197381500979 -0.029928682662127996 0.6822770007523469 0.024141553789377213 0.04906132072210312 0.0 0.3632590565830469 0.04585631081145113 5.962903275434506 0.20399529165231892
79 6588.872489486987 2162.690077933356 176.08821142327028 20.15624606488564 6587 6591 2161 2165 20.0 1.3295521190746173 1.1338853366805326 20.884617069751826 0.5221844745685577 0.02938680164515972 0.39691391587257385 0.0 2.936300715431571 0.08316286244181505 7.091119861424961 0.17756480618044526
80 6617.392695039565 2176.054535876529 176.08795823555812 20.1563574072737 6613 6622 2170 2183 108.0 3.1035805497518396 2.335515509087889 -88.60032095170368 0.6585660554406496 -0.009161078371107578 0.05838630348443985 0.0 2.123173118685372 0.13553841368074074 3.2292558575251067 0.26004822545866335
81 5309.887046348012 2205.4156554602114 176.09956494693301 20.156602998445926 5306 5314 2202 2209 62.0 2.1565153023589425 1.9176674930203128 13.869273733215397 0.45743389538661455 -0.0019981861114501953 0.3137114346027374 0.0 4.569968598312698 0.12745843153553238 5.481618716954699 0.20639147761531787
82 3220.4957502173115 2210.5012539197037 176.1181125008535 20.15664526211293 3219 3222 2210 2211 8.0 1.0996432760051296 0.49999835121944525 0.016176720452729693 0.890649045381893 0.0038065204862505198 0.04576142877340317 0.0 0.20109334331937134 0.034887071213328964 0.9151685403778314 0.11023025237118485
83 3517.5622597373676 2222.7868492480748 176.11547544236797 20.156747777042224 3514 3521 2220 2226 41.0 1.809661180817325 1.5959348728599994 7.511688248852006 0.4714420193502969 5.2373598009580746e-05 0.11608368158340454 0.0 1.4596317962023022 0.08585759943212282 1.8776027625036342 0.1298265612864173
