Data/Catalogs/F475W_Catalog.ecsv
# %ECSV 1.0
# ---
# datatype:
# - {name: label, datatype: int64}
# - {name: xcentroid, datatype: float64}
# - {name: ycentroid, datatype: float64}
# - {name: sky_centroid.ra, unit: deg, datatype: float64}
# - {name: sky_centroid.dec, unit: deg, datatype: float64}
# - {name: bbox_xmin, datatype: int64}
# - {name: bbox_xmax, datatype: int64}
# - {name: bbox_ymin, datatype: int64}
# - {name: bbox_ymax, datatype: int64}
# - {name: area, unit: pix2, datatype: float64}
# - {name: semimajor_sigma, unit: pix, datatype: float64}
# - {name: semiminor_sigma, unit: pix, datatype: float64}
# - {name: orientation, unit: deg, datatype: float64}
# - {name: eccentricity, datatype: float64}
# - {name: min_value, datatype: float64}
# - {name: max_value, datatype: float64}
# - {name: local_background, datatype: float64}
# - {name: segment_flux, datatype: float64}
# - {name: segment_fluxerr, datatype: float64}
# - {name: kron_flux, datatype: float64}
# - {name: kron_fluxerr, datatype: float64}
# meta: !!omap
# - {date: '2025-03-07 10:20:34 CST'}
# - version: {Python: 3.12.5, astropy: 6.1.2, bottleneck: null, gwcs: 0.21.0, matplotlib: 3.10.0, numpy: 1.26.4, photutils: 1.12.0, scipy: 1.14.0,
#     skimage: 0.24.0, sklearn: 1.5.1}
# - {localbkg_width: 0}
# - {apermask_method: correct}
# - kron_params: !!python/tuple [2.5, 1.4, 0.0]
# - __serialized_columns__:
#     area:
#       __class__: astropy.units.quantity.Quantity
#       unit: !astropy.units.Unit {unit: pix2}
#       value: !astropy.table.SerializedColumn {name: area}
#     eccentricity:
#       __class__: astropy.units.quantity.Quantity
#       unit: !astropy.units.Unit {unit: ''}
#       value: !astropy.table.SerializedColumn {name: eccentricity}
#     orientation:
#       __class__: astropy.units.quantity.Quantity
#       unit: &id001 !astropy.units.Unit {unit: deg}
#       value: !astropy.table.SerializedColumn {name: orientation}
#     semimajor_sigma:
#       __class__: astropy.units.quantity.Quantity
#       unit: !astropy.units.Unit {unit: pix}
#       value: !astropy.table.SerializedColumn {name: semimajor_sigma}
#     semiminor_sigma:
#       __class__: astropy.units.quantity.Quantity
#       unit: !astropy.units.Unit {unit: pix}
#       value: !astropy.table.SerializedColumn {name: semiminor_sigma}
#     sky_centroid:
#       __class__: astropy.coordinates.sky_coordinate.SkyCoord
#       dec: !astropy.table.SerializedColumn
#         __class__: astropy.coordinates.angles.core.Latitude
#         unit: *id001
#         value: !astropy.table.SerializedColumn {name: sky_centroid.dec}
#       frame: icrs
#       ra: !astropy.table.SerializedColumn
#         __class__: astropy.coordinates.angles.core.Longitude
#         unit: *id001
#         value: !astropy.table.SerializedColumn {name: sky_centroid.ra}
#         wrap_angle: !astropy.coordinates.Angle
#           unit: *id001
#           value: 360.0
#       representation_type: spherical
# schema: astropy-2.0
label xcentroid ycentroid sky_centroid.ra sky_centroid.dec bbox_xmin bbox_xmax bbox_ymin bbox_ymax area semimajor_sigma semiminor_sigma orientation eccentricity min_value max_value local_background segment_flux segment_fluxerr kron_flux kron_fluxerr
[from data line 162]
201 6667.4876717017405 4855.218961839886 176.08751064837608 20.178683725299578 6665 6670 4853 4858 28.0 1.4769144163102157 1.4581609358683794 5.696362331029417 0.158852933010867 0.005550249479711056 0.021598700433969498 0.0 0.3791590710170567 0.03684438810714331 1.8132058764322176 0.13549121559802813
202 763.602717589385 4887.074146352488 176.1399269770762 20.17894741062826 753 774 4867 4910 689.0 8.412899745161408 4.297800278137405 -84.0478045853696 0.8596648896397256 0.0023454937618225813 0.10840550810098648 0.0 17.567362944362685 0.19844754240803505 26.22773366921441 inf
203 697.3809026275638 4956.872281611425 176.14051503526576 20.179528953700014 695 700 4954 4960 36.0 1.7599369250680108 1.4748562717007383 -73.57502988310806 0.5456448116327763 0.005150743294507265 0.053230494260787964 0.0 0.8327305307611823 0.047439935756248074 1.2995716991541773 inf
204 4775.982092897159 5054.7710718362705 176.1043039061605 20.18034778129476 4711 4832 5013 5095 3472.0 5.776708847132334 4.850470843878853 19.43429450406539 0.5431125405490318 -0.0018104828195646405 53.45922088623047 0.0 1936.3244397818926 inf 1873.3630296745632 inf
206 6938.6272053213925 5024.898853231945 176.0851031938694 20.180097432878533 6934 6943 5020 5029 72.0 2.2261369973624068 2.082739373251787 53.679253453109816 0.353102755926839 -0.002608987968415022 0.12713994085788727 0.0 1.8286255415878259 0.06334110787021667 1.9553784192857206 0.0904017723685929
207 4871.501166099762 5026.995712416134 176.1034558594459 20.18011630152678 4870 4873 5025 5029 18.0 1.3781495416546747 0.9914197623691929 66.63889502310089 0.6946118215472766 0.0058313095942139626 0.0300831850618124 0.0 0.3090254897251725 0.033675973700000125 2.6971857590940242 0.13682900744564383
208 4731.502665943216 5055.99823302112 176.1046988104845 20.18035801483878 4729 4734 5055 5057 16.0 1.589865833876324 0.7559244069877582 9.23845703644336 0.8797350297894232 0.004967628978192806 0.036274075508117676 0.0 0.278810391202569 0.04970765023140878 3.395316605431069 0.1491082709220952
209 6185.201717934409 5059.904980988256 176.09179233801387 20.18038987943437 6183 6188 5058 5062 23.0 1.3977214990932425 1.2290288182087512 -21.288257054855812 0.4762520646414899 0.011587078683078289 0.04115213453769684 0.0 0.5535194994881749 0.03634011367403937 1.3655094691673577 0.10683621906510056
210 2088.2691694738623 5065.687629698908 176.12816640971974 20.180437605362798 2082 2095 5062 5070 102.0 3.28267427836665 2.1293757171641747 -1.1016839150889812 0.7610689128790769 0.0024863681755959988 0.04367266595363617 0.0 2.173036689404398 0.07466447770539072 2.9975901049707976 0.1402062623860596
211 7546.191168225846 5068.285819773988 176.0797089648171 20.180458218974575 7541 7551 5065 5072 67.0 2.6894681294680454 1.8071108631692117 4.57792315836364 0.7406225731994793 0.003316763788461685 0.032246436923742294 0.0 1.0094076674431562 0.05572207077282988 2.3799985449844314 inf
213 7502.344849412691 5151.313825799357 176.08009812596882 20.181150180149082 7500 7505 5149 5153 22.0 1.4916616294811342 1.0958261314251971 10.618114505352368 0.6784630541667475 -0.005334736313670874 0.0935148149728775 0.0 0.5132986304815859 0.03782842292028998 0.9066118608652884 0.09617842046213367
214 1683.0481325341284 5186.3826725250665 176.13176426600464 20.181442945157023 1680 1686 5184 5189 30.0 1.5817123331475205 1.4307642995754606 32.0419988250569 0.42633213821907456 0.006120144855231047 0.034093573689460754 0.0 0.5417440976016223 0.03826037742108612 1.933639071579156 0.1298012818793102
215 2744.4110947833806 5209.370388253024 176.12234105251292 20.18163553860922 2739 2750 5204 5214 111.0 2.589434848101365 2.4157139464645057 7.315025393959041 0.3601053266274477 -0.004931736271828413 0.30681300163269043 0.0 3.9539352454812615 0.08805960707382905 4.240589785162098 0.11661926483944875
216 6726.998487920418 5214.28610050222 176.08698189732263 20.18167589007654 6723 6732 5209 5220 95.0 2.9390541623665327 2.1311691170396623 -73.59363877998233 0.6886217527644861 0.0021640947088599205 0.07005886733531952 0.0 2.2076820705551654 0.07184009847293514 2.74040322757007 0.1256571717598645
217 6471.7649267769375 5247.740363134942 176.08924793968598 20.181954926765112 6468 6476 5244 5252 64.0 2.189237665988526 2.0285199978228037 -85.35879481876353 0.3760795437784467 -0.004221114795655012 0.05376960709691048 0.0 1.39321084250696 0.06089852231899166 2.0317679622622427 0.11390294929188756
218 4263.326266331929 5262.9326714094595 176.1088554635138 20.18208249080293 4254 4273 5253 5272 318.0 3.314194886632189 3.2022546272832004 -0.09592727599842814 0.25770368511398656 -0.009612292051315308 3.1337890625 0.0 58.41328912891913 0.2516741203286524 58.97620217474481 0.26284209352155063
220 1171.5115002899117 5363.082400834276 176.13630617505714 20.182914767442984 1167 1176 5359 5367 70.0 2.6007588629648684 2.027196213843808 26.513778266265877 0.6264478328006049 0.0028867244254797697 0.023461243137717247 0.0 0.9339231324847788 0.05656362695715588 2.84910999474826 0.18118978898104604
221 7346.7185284891275 5371.590693201804 176.08147953085498 20.18298603084678 7343 7350 5368 5375 50.0 2.0325214998960752 1.7644861610348392 -42.55404791659303 0.4963426749577254 0.0034327914472669363 0.04253625497221947 0.0 0.8867133262101561 0.049602281847627626 1.5704522225511781 0.1144362254926394
222 1175.213851948624 5375.774189060986 176.1362733230613 20.18302053763581 1171 1179 5370 5381 78.0 2.9954790095709476 1.890296489507274 59.12613017446914 0.7757423056677961 -5.505742137756897e-07 0.034853432327508926 0.0 1.1542853671828652 0.06067359000636553 4.7394487628797215 0.20979759808836707
223 7317.996454161886 5370.502578675649 176.08173454164952 20.182977000875045 7317 7319 5370 5371 6.0 0.8114117573040504 0.4999908562256883 0.14159244214379108 0.7875907459224372 0.017777491360902786 0.02852635644376278 0.0 0.13638926669955254 0.017682849040290757 0.666790522551697 0.05811690021221074
224 7303.821342584762 5376.2383150553605 176.08186038761232 20.183024817117182 7300 7308 5372 5381 65.0 2.543823503755029 1.8880498920045474 -56.547793427675856 0.6701679670768533 0.007178920321166515 0.023250559344887733 0.0 0.9587286533787847 0.05456649125887051 3.5381808007283047 0.18116800128487398
225 1714.6595064176051 5381.207607215226 176.13148385415042 20.183066524012776 1713 1716 5379 5383 14.0 1.1570217927201176 0.9125108074947802 -65.4702926369601 0.6148140515807705 0.017937015742063522 0.03336760401725769 0.0 0.3605148084461689 0.02779499267830218 0.8335613066834484 0.0747757439272622
226 7231.117085757588 5415.730585829478 176.08250584016605 20.183354012531332 7226 7236 5411 5420 81.0 2.95155742888122 1.94070478188069 -39.52270174091374 0.7534380541948555 0.005160301458090544 0.0352884940803051 0.0 1.4509319378994405 0.06288687632214603 2.506931817788751 0.15214051000190715
227 5561.68897898717 5422.204094677795 176.0973279106597 20.183409450561612 5558 5566 5418 5426 63.0 2.154939244327173 1.9804132965461678 53.02599601695221 0.3942314268938271 0.0003925846831407398 0.11063936352729797 0.0 1.6428350988717284 0.06474186379675059 2.1922559503490104 inf
228 5035.098939674026 5448.590633761591 176.102003252119 20.183629551431892 5031 5039 5446 5451 43.0 2.2685567061182828 1.4129536720966729 12.35348702160472 0.7823472006045238 0.0063916947692632675 0.05024861544370651 0.0 0.8938467809930444 0.05202336486771122 2.181957148218069 0.14444793092878272
229 5000.873755541975 5457.138424699241 176.10230711966312 20.183700792592145 5000 5002 5456 5458 8.0 0.8534890706388026 0.6845558002033109 44.677828357281896 0.5972334635204125 0.023356694728136063 0.04348305985331535 0.0 0.2748056873679161 0.023858199529602647 0.8624790781333694 0.0722722100347444
231 7231.210568001831 5471.316529908621 176.0825049352522 20.183817228556972 7226 7236 5466 5476 90.0 2.5934464134137927 2.4144107197628224 -36.84040755363991 0.3651056031836819 0.003817162709310651 0.04198646917939186 0.0 1.5119458266999573 0.06554961139386217 2.78329388764136 0.15315515514952227
232 3433.8188763728626 5470.338000327443 176.1162203077032 20.18381066828135 3431 3437 5468 5472 26.0 1.7746358501197126 1.098962783352006 7.1624009043349615 0.7851852045121701 0.0022107192780822515 0.0797647088766098 0.0 0.6902246156241745 0.042309246828241595 1.4968301525758316 0.10532001720858648
233 2720.790310075489 5520.1678984939335 176.122551014351 20.184225500272895 2715 2727 5514 5526 127.0 2.638327046967272 2.5611599514254326 4.208306826717214 0.24008647528340488 -0.0010312671074643731 0.38327234983444214 0.0 5.3759999552421505 0.09914196586231018 5.506136138640329 0.1267230501457435
234 4411.415628203712 5547.405343290214 176.10754065484437 20.1844530998386 4405 4418 5541 5553 134.0 2.772098948865665 2.6013426620145523 -28.246776462708194 0.34554601596572543 -0.008167565800249577 0.32596492767333984 0.0 6.58386359596625 0.10820822210210483 6.831061221408359 0.13927893134797226
235 6222.757151607445 5592.315591798384 176.09145844424194 20.18482660391088 6218 6229 5588 5597 97.0 2.7393392109272514 2.3723024052267707 -1.8837708549882448 0.5000220921298709 0.001544259488582611 0.08377068489789963 0.0 2.027908370248042 0.07278631064828425 3.8279645635412924 0.17348083071710366
236 3716.6900335428672 5630.614800257467 176.1137088702206 20.18514641095838 3706 3727 5619 5642 404.0 5.225948181495783 4.362399783820225 -61.99120880513079 0.550617658699744 -0.0017031555762514472 0.1344778686761856 0.0 14.815065627801232 0.17872968182675206 22.792798022411084 0.3673629835504982
238 5988.750597066341 5657.79157657649 176.09353604938826 20.185372415946656 5986 5992 5655 5661 35.0 1.6743684410807198 1.5478409536402356 83.98499802700616 0.3813452068207348 0.008632385171949863 0.052591197192668915 0.0 0.7483518021181226 0.04444886054153892 1.608789270846482 0.11928201663753304
239 6707.200015610792 5663.781848161414 176.087157182685 20.18542170815901 6702 6712 5655 5673 132.0 4.655932085731543 2.0416768302476944 -63.837706830336245 0.8987258852203712 -0.0024668481200933456 0.03536476194858551 0.0 2.0528384200297296 0.08551334744340064 5.437892022499944 0.2366219546238436
240 1416.4810054761203 5691.4760210765035 176.13413167477916 20.18565171851076 1414 1419 5689 5694 32.0 1.5378499203680938 1.5262414474358448 -79.7043684908005 0.12263782727808265 0.004803523421287537 0.03728357329964638 0.0 0.6344746993854642 0.040139478165734294 1.7074849760065132 0.12217835396695285
241 950.1055654009093 5710.001936508912 176.1382724956097 20.185805434641583 948 952 5708 5712 19.0 1.2797491671244323 1.1425810655218651 0.12126635769162762 0.4504207436089754 0.014329942874610424 0.023543307557702065 0.0 0.33118981029838324 0.03047653656774574 1.1625067859170826 0.1000647168183755
242 6394.669086415303 5764.7013530096065 176.08993193991918 20.186263004848577 6390 6399 5759 5771 90.0 3.0475891399059596 2.2078435534269687 53.965945948720716 0.6893212817700471 0.0036048858892172575 0.03713754564523697 0.0 1.3133218970615417 0.0683357597517831 5.455392240163045 inf
243 7347.180618274921 5790.030922781336 176.08147484110265 20.186473031671603 7337 7356 5780 5799 251.0 5.85165462481355 2.873620629353693 43.56368108236685 0.8711154339343824 0.004403827246278524 0.04677620157599449 0.0 4.857959420420229 0.1169514003992603 7.277856788358022 0.23735691846703635
244 6989.228064624232 5804.138014080791 176.08465298090846 20.186591033850487 6987 6992 5801 5807 34.0 1.7925536759071519 1.4123295343620264 78.49214304649239 0.6158199852926162 0.0071965535171329975 0.028039131313562393 0.0 0.609814680647105 0.04107837118654644 1.5713992197169757 0.11602631575058059
245 5356.707882925618 5807.993186947358 176.0991476661377 20.18662445713588 5356 5358 5807 5809 7.0 0.7502755307068908 0.6922732434622259 89.92174200102664 0.3855378580276524 0.015196253545582294 0.12544672191143036 0.0 0.4007534282281995 0.03125881331694881 0.6067283035790302 inf
246 6652.997261895988 5821.30513694854 176.08763826091544 20.1867344574007 6652 6654 5819 5823 13.0 1.2532281530334028 0.7790202563163147 -89.73032334156153 0.7833261853195685 0.010907497256994247 0.02239943854510784 0.0 0.22121842484921217 0.02512027352830423 1.1894628108697183 0.09269734896940744
247 6025.661135551659 5824.539679788647 176.09320820427425 20.18676195677858 6024 6028 5823 5826 15.0 1.2778561850486394 0.8964094603905381 31.693214609542018 0.712674578598807 0.008110336028039455 0.019270481541752815 0.0 0.22833630349487066 0.028045561361417885 1.6736956730865211 0.11086894758193785
248 922.0047314300051 5833.289502848312 176.13852219659512 20.186832787581704 921 923 5832 5834 7.0 0.7530091059447779 0.6951727023982175 0.966835659858579 0.38433678724 0.016980191692709923 0.026736358180642128 0.0 0.1476363856345415 0.019014757455422842 0.7402842901690089 0.0683790399857786
250 1200.4958987048983 5848.270161974776 176.13604957121947 20.186958039533234 1199 1202 5845 5852 28.0 2.0844357354612084 1.028458561879558 84.40067964992241 0.8698030817530027 0.00794556736946106 0.022071663290262222 0.0 0.39043488074094057 0.036108398926920804 2.8355149048709025 inf
251 5469.272022210359 5867.711200803397 176.09814821000504 20.187122055922874 5465 5474 5860 5878 149.0 4.66298027608767 2.2732090625956207 -82.68688272710803 0.8731222470058229 -0.004513103514909744 0.07290832698345184 0.0 3.2890784946503118 0.10063672476373488 5.029053983597984 0.21579051843592184
252 3400.89849757587 5879.963105576054 176.11651278559188 20.187224196385127 3386 3418 5869 5893 547.0 6.703330365731646 4.175909886225435 -24.543713222586465 0.7822533114878827 -0.0010677902027964592 0.20883852243423462 0.0 22.986912751250202 inf 27.572998876636966 inf
253 2565.400367266878 5879.107224049523 176.12393096778817 20.187216540112097 2562 2569 5875 5883 52.0 2.172431624451053 1.7227414649141237 57.22340462753031 0.6092197251450189 0.007151169236749411 0.043795280158519745 0.0 1.160231055226177 0.05511762913250827 2.544289850071461 0.15110125193403395
254 1043.9173186515918 5930.724601070401 176.13743992230778 20.18764493169658 1037 1051 5917 5939 234.0 4.303076842669709 2.973721730834973 -86.76699389900601 0.7227890759358341 0.0001325349003309384 0.23221224546432495 0.0 6.746825837311917 0.11812594796257844 8.27143944096145 0.1791013583338058
255 4043.8712964431525 5947.070852735324 176.1108039986613 20.187783618965643 4041 4047 5944 5950 37.0 1.966014726727105 1.4008323128247155 41.42797337739679 0.7016479270255987 0.007759931497275829 0.05065952241420746 0.0 0.9547595465555787 0.05142920745000568 3.1925221932070746 0.17077451929226276
256 5433.812950056372 5990.003776563899 176.098462981655 20.18814117742263 5432 5435 5989 5991 10.0 0.9641083999004734 0.7716872829641233 0.40309796444980434 0.5994456332345978 0.023480920121073723 0.034145671874284744 0.0 0.27531888522207737 0.028191185843000746 0.9363628624492439 0.08081720887856073
257 435.3986695905516 5999.806863126178 176.14284295294715 20.18821962707549 433 438 5998 6002 22.0 1.633442304007953 1.0179003181975956 30.476182092478016 0.7820922247425653 0.005990222096443176 0.020185083150863647 0.0 0.33378654066473246 0.0323370029638775 1.1921863669127717 0.1077686931521425
258 655.5767613989645 6089.554545199261 176.14088819281318 20.18896790152652 643 667 6077 6101 489.0 3.6098400627639537 3.5154626075005897 43.51520481350492 0.22716835313117284 -0.0013238131068646908 3.5534896850585938 0.0 76.29792750316847 0.2791797325033092 76.25161682090729 0.27874067522488977
259 404.57322310879044 6081.637553878818 176.14311680095554 20.18890149478394 402 408 6079 6084 32.0 1.7154301533129457 1.4443222711900612 14.779819220127662 0.5395411339283951 0.008410337381064892 0.019225124269723892 0.0 0.4296691231429577 0.03814992459394977 2.109022615306472 0.14071593802820526
