Data/Catalogs/F475W_Catalog.ecsv
# %ECSV 1.0
# ---
# datatype:
# - {name: label, datatype: int64}
# - {name: xcentroid, datatype: float64}
# - {name: ycentroid, datatype: float64}
# - {name: sky_centroid.ra, unit: deg, datatype: float64}
# - {name: sky_centroid.dec, unit: deg, datatype: float64}
# - {name: bbox_xmin, datatype: int64}
# - {name: bbox_xmax, datatype: int64}
# - {name: bbox_ymin, datatype: int64}
# - {name: bbox_ymax, datatype: int64}
# - {name: area, unit: pix2, datatype: float64}
# - {name: semimajor_sigma, unit: pix, datatype: float64}
# - {name: semiminor_sigma, unit: pix, datatype: float64}
# - {name: orientation, unit: deg, datatype: float64}
# - {name: eccentricity, datatype: float64}
# - {name: min_value, datatype: float64}
# - {name: max_value, datatype: float64}
# - {name: local_background, datatype: float64}
# - {name: segment_flux, datatype: float64}
# - {name: segment_fluxerr, datatype: float64}
# - {name: kron_flux, datatype: float64}
# - {name: kron_fluxerr, datatype: float64}
# meta: !!omap
# - {date: '2025-03-07 10:20:34 CST'}
# - version: {Python: 3.12.5, astropy: 6.1.2, bottleneck: null, gwcs: 0.21.0, matplotlib: 3.10.0, numpy: 1.26.4, photutils: 1.12.0, scipy: 1.14.0,
#     skimage: 0.24.0, sklearn: 1.5.1}
# - {localbkg_width: 0}
# - {apermask_method: correct}
# - kron_params: !!python/tuple [2.5, 1.4, 0.0]
# - __serialized_columns__:
#     area:
#       __class__: astropy.units.quantity.Quantity
#       unit: !astropy.units.Unit {unit: pix2}
#       value: !astropy.table.SerializedColumn {name: area}
#     eccentricity:
#       __class__: astropy.units.quantity.Quantity
#       unit: !astropy.units.Unit {unit: ''}
#       value: !astropy.table.SerializedColumn {name: eccentricity}
#     orientation:
#       __class__: astropy.units.quantity.Quantity
#       unit: &id001 !astropy.units.Unit {unit: deg}
#       value: !astropy.table.SerializedColumn {name: orientation}
#     semimajor_sigma:
#       __class__: astropy.units.quantity.Quantity
#       unit: !astropy.units.Unit {unit: pix}
#       value: !astropy.table.SerializedColumn {name: semimajor_sigma}
#     semiminor_sigma:
#       __class__: astropy.units.quantity.Quantity
#       unit: !astropy.units.Unit {unit: pix}
#       value: !astropy.table.SerializedColumn {name: semiminor_sigma}
#     sky_centroid:
#       __class__: astropy.coordinates.sky_coordinate.SkyCoord
#       dec: !astropy.table.SerializedColumn
#         __class__: astropy.coordinates.angles.core.Latitude
#         unit: *id001
#         value: !astropy.table.SerializedColumn {name: sky_centroid.dec}
#       frame: icrs
#       ra: !astropy.table.SerializedColumn
#         __class__: astropy.coordinates.angles.core.Longitude
#         unit: *id001
#         value: !astropy.table.SerializedColumn {name: sky_centroid.ra}
#         wrap_angle: !astropy.coordinates.Angle
#           unit: *id001
#           value: 360.0
#       representation_type: spherical
# schema: astropy-2.0
label xcentroid ycentroid sky_centroid.ra sky_centroid.dec bbox_xmin bbox_xmax bbox_ymin bbox_ymax area semimajor_sigma semiminor_sigma orientation eccentricity min_value max_value local_background segment_flux segment_fluxerr kron_flux kron_fluxerr
[from data line 271]
359 1960.1018105735538 572.0041297127282 176.1292991463471 20.142990113602867 1948 1973 564 580 258.0 5.221426285710367 3.294432477964485 28.26544696197374 0.7758276140336701 0.0031832759268581867 0.06639906018972397 0.0 7.00171990855597 inf 13.396512993800055 inf
360 1952.7328161186867 585.0133767902772 176.12936457031887 20.14309851598129 1938 1972 569 599 649.0 7.330174414331359 5.233682707650034 13.690312394424828 0.7001543001163629 -0.0026688985526561737 0.3550185561180115 0.0 23.23045500193257 inf 34.532797379710594 inf
361 2272.2848268044945 850.8692075004664 176.12652841632564 20.14531430409804 2268 2276 844 857 88.0 3.5125639067454895 2.066615953672957 -81.13066033007112 0.8086065912949747 0.003804788924753666 0.020868724212050438 0.0 1.0283956178463995 0.0644022552618279 12.433005644355038 inf
362 2267.4560816730586 875.3338985413873 176.1265713026772 20.145518171907447 2249 2287 858 893 802.0 9.000152286036151 6.608089987750402 -27.686128204192375 0.67891184195764 0.0004032207652926445 0.025964280590415 0.0 10.791287273983471 inf 67.06820008896307 inf
363 2244.581424585233 865.6988198093251 176.12677433702126 20.145437857902 2240 2249 862 869 53.0 2.561143166517678 1.6418264401860378 -35.956599552979995 0.7674972882690895 0.006804624572396278 0.019672909751534462 0.0 0.6325599122792482 0.05037491353018715 8.496584020153946 0.2265148310912447
364 2252.274056980933 864.1501978602862 176.1267060527577 20.14542496004921 2249 2256 861 867 39.0 2.0965648264345838 1.4975323754701615 13.507963946268053 0.6998609929440648 0.0042954846285283566 0.01926453970372677 0.0 0.4294724748469889 0.04323990018194198 7.131362452386182 0.2006042829744333
365 5097.454176318182 1310.0557622224155 176.101451016306 20.149141743985442 5091 5105 1299 1323 198.0 5.98271448886932 2.8816833771592414 -75.65996987480506 0.876353659054805 0.0034164926037192345 0.04504146799445152 0.0 3.4879245664924383 0.11339421810830982 19.343773582260216 0.44483912308302986
366 5095.1199975946665 1329.073863860417 176.10147172948936 20.14930022886696 5090 5100 1321 1335 122.0 3.4018809619781973 2.6303871365822875 88.78565753092192 0.6341433346728028 0.004086866043508053 0.05350463092327118 0.0 2.655550434719771 0.08806729243569593 9.732801006897901 0.29233455737448905
367 5093.076228341332 1341.741000645884 176.10148986698147 20.14940578895898 5087 5099 1334 1350 172.0 4.038426678679186 2.95284097600308 -70.93489113271995 0.6821781732141936 0.0025193369947373867 0.07843755185604095 0.0 4.184867344796658 0.10656141115313034 9.796738066432333 0.29912419627894954
368 2373.366509356959 1493.8862394991513 176.12563179316936 20.15067287087884 2327 2417 1451 1534 4089.0 22.50669574907481 14.248932038633571 49.226216979662226 0.7740720890215902 -0.0005258258897811174 0.09033563733100891 0.0 67.90493105728001 inf 233.3203043319683 inf
369 2435.689871229433 1556.558056969563 176.12507862713485 20.1511951909563 2346 2506 1482 1632 9975.0 10.915531506715785 8.995051239093229 2.25273887254506 0.5665027503772346 -0.0038574717473238707 47.39778518676758 0.0 2147.262087540672 inf 2027.7912252854026 inf
370 2429.093780860274 1504.7621423382348 176.1251371304914 20.150763552682587 2422 2436 1497 1513 214.0 4.398182339794699 3.8906382866439215 -71.07183379337778 0.46634788568688895 0.0025280637200921774 0.030074303969740868 0.0 2.965086217271164 0.10338059865478168 25.463438563474515 0.39582202372490055
371 2132.3115045367595 2067.6766646237984 176.12777217423493 20.15545422763273 2105 2158 2047 2094 1643.0 11.657732325498918 7.804661056291251 19.357393837268752 0.7428268018253413 -0.0003076529537793249 0.29442721605300903 0.0 55.48630153146223 0.3242935119985373 74.95157118529107 0.6570657848578726
372 2112.4488532594287 2086.336123540639 176.12794851406645 20.15560970305681 2106 2121 2076 2097 169.0 3.9992182707417676 3.433772124348571 88.89790965672512 0.5126279744815948 0.0049651749432086945 0.03335500508546829 0.0 2.9353292235173285 0.09270410339070499 12.677280562840632 0.3279437301006647
373 2124.845644941813 2094.36163967862 176.12783847693768 20.155676594875 2108 2138 2080 2107 511.0 8.071158126325649 5.1620481034121894 -43.38978086200884 0.7687351825352526 0.0024550294037908316 0.04553497955203056 0.0 10.84128269390203 0.16471586956293285 25.992353593519418 0.4878488188024353
374 2139.321590044299 2095.002035398425 176.12770997526366 20.15568194604819 2130 2151 2087 2104 217.0 4.503368424801584 3.5332995743749156 -21.40742901624929 0.6200144554130881 0.0029708624351769686 0.04547096788883209 0.0 4.726855539949611 0.10767544787490466 13.154908789205107 0.31908853829651335
375 4603.631087214598 2187.609641099834 176.10583439118912 20.156454792990175 4554 4650 2142 2234 5873.0 20.21977826019581 19.088549492556727 35.12753680515743 0.3297927591259422 -0.007622378878295422 0.25373879075050354 0.0 149.48689339193515 1.2353053173005504 457.3759051607641 inf
376 4631.186761659565 2157.5601358469335 176.10558978280707 20.156204377687605 4626 4635 2153 2162 75.0 2.5519707362934656 2.3687246323586044 29.138434343236852 0.37209593419792586 0.006000778172165155 0.029382217675447464 0.0 1.3955673216842115 0.06910453039564983 23.91928219852289 0.3330767094749442
377 4556.7308746381605 2175.197724471378 176.10625072551457 20.156351364323488 4554 4560 2173 2178 31.0 1.6415534102693181 1.5116755129572563 -26.52925737082784 0.3898435539054548 0.0061658225022256374 0.044458601623773575 0.0 0.622068795375526 0.0442084146992417 9.298513790040943 0.2020735857072693
378 7189.586861672846 3226.720419741898 176.0828774747945 20.165112315197913 7185 7195 3222 3231 65.0 3.0886810086182535 1.6173314897235476 44.070192724320876 0.8519447013278191 0.005128728225827217 0.029977932572364807 0.0 0.9048925093375146 inf 4.09794875799209 inf
379 7197.679967467248 3240.6148291443246 176.08280560978739 20.165228091830645 7192 7203 3231 3249 158.0 4.270117268368794 2.552193678787385 72.9168757883069 0.8017295194233552 0.0019037012243643403 0.04078362509608269 0.0 2.7087692884961143 0.08842483673261947 6.237930305185493 inf
380 4319.292878691369 3447.9225695745063 176.1083585048923 20.166957409178465 4316 4322 3446 3451 27.0 1.6890255085639574 1.297932574385957 -25.828027746818968 0.6399091796819598 0.008776483125984669 0.02654840238392353 0.0 0.4852563263848424 0.041224385800774074 8.828792824935249 0.1943191776434951
381 4284.986186610505 3451.623363166912 176.108663066209 20.166988247777887 4282 4288 3450 3454 27.0 1.8423427501394678 1.1703498509843628 12.856000934535599 0.7723058468298983 0.00793483480811119 0.05259331315755844 0.0 0.5276486296206713 0.04195863808563612 8.471573046214102 0.1927115209960741
382 4290.417239930324 3459.9832758614725 176.10861485187004 20.16705791396393 4279 4300 3450 3469 250.0 5.9366518988873835 3.3642275289727603 -48.684434672847274 0.8239326830460212 -0.00048644907656125724 0.03977985307574272 0.0 4.778292980656261 0.12674767542818016 69.13448891396698 inf
383 4319.535401067203 3480.2049428839923 176.10835635295936 20.167226428959268 4288 4350 3446 3512 2727.0 14.870572150056082 13.115483144748543 87.25032513993696 0.47129489794037255 -0.0030558016151189804 0.2323160618543625 0.0 62.31245640612906 0.4329507393337268 330.18012145797394 inf
384 4288.718148104162 3479.0402163461326 176.10862993665796 20.1672167217225 4272 4300 3465 3495 483.0 7.583561782172097 5.349803639581528 49.397000465744185 0.7087623170654881 -0.00749226612970233 0.04264029860496521 0.0 10.139847740763798 0.17965254638298261 120.12746091142229 inf
385 5217.769910005084 3642.2202328423286 176.10038210786388 20.168576405069107 5200 5237 3631 3655 592.0 8.766191757616069 4.363488029435072 13.730770534361 0.8673129509550147 -0.002473461674526334 0.12579555809497833 0.0 19.972155473049497 0.22391859807251388 34.005863033531085 0.5122422263853954
386 5236.766656175305 3641.6299218227455 176.10021346081555 20.16857147873253 5232 5242 3630 3653 178.0 5.783977458809774 2.2969547085393227 -85.43255824312389 0.9177650801082387 -0.0020662620663642883 0.06494244933128357 0.0 4.245287598518189 0.10528601164005866 8.457158097874627 0.338910246080129
387 5122.461060037858 3647.0476030204172 176.10122822892362 20.16861666624019 5112 5135 3636 3657 378.0 5.278140410572626 4.336478541099508 54.08795104907786 0.570075781997822 0.0010799167212098837 0.14158587157726288 0.0 14.303833399200812 0.1677694972523238 20.96100415586741 inf
388 5166.115461685088 3649.4154131832997 176.1008406775639 20.168636383338267 5154 5177 3643 3656 263.0 5.231916687212126 3.168336476002507 -9.59289871323577 0.7957855428657992 0.0011435357155278325 0.07545603811740875 0.0 6.982135329511948 0.13433331954773656 20.106537257998994 0.41599316892359484
389 5142.175146887797 3662.6628462590943 176.10105320769233 20.16874678675286 5130 5160 3645 3676 720.0 6.403814917628391 5.073384383333701 23.11909818850156 0.6102043396735884 0.001961980015039444 0.5937827825546265 0.0 51.50210566818714 0.26889011870274077 60.768490753790246 0.3657439631280707
390 5125.370016783091 3664.3587598402123 176.10120239805465 20.168760924927952 5116 5134 3655 3676 265.0 4.647874956917358 3.3249061281042707 63.509243564144455 0.6987555815444371 0.004778008908033371 0.2646476626396179 0.0 13.90903704892844 0.15011036564929145 19.858498542335195 0.27450805381011
391 1702.1451925977267 3872.411947343358 176.13159303837227 20.170493213056226 1693 1710 3867 3879 153.0 4.290148363629516 2.7443172758230454 25.339454692943633 0.7686422690532442 0.0017006071284413338 0.02163051627576351 0.0 1.865709065226838 0.08237494054904279 13.097237551979255 0.327044444558687
392 1678.872369065449 3883.3993539883318 176.13179966400318 20.170584746794766 1667 1690 3876 3891 212.0 5.287183240639296 3.265231411927911 13.335224542246674 0.7865121112253436 0.0002267596428282559 0.026722997426986694 0.0 2.641993261233438 0.09778471806903952 19.929184793364108 0.3828861098929557
393 1692.65353603984 3898.304520224397 176.13167733654842 20.170708973096797 1671 1717 3876 3919 1239.0 12.142368584502279 6.896850495704469 -37.170304768500934 0.8230293981860791 -0.0008183291647583246 0.07235653698444366 0.0 19.782030981848948 0.24479592339622405 66.23560935843116 inf
394 1663.4072704384455 3898.044158707988 176.13193697909807 20.17070676809947 1650 1676 3880 3920 576.0 8.06619739966398 6.000971593008708 -84.8834828368403 0.6682181658403894 0.0008553355000913143 0.025217244401574135 0.0 7.662109011085704 0.16447270870116276 44.81410770761449 0.657942749186782
395 1713.618814813252 3908.046989167161 176.13149122308815 20.170790185414308 1706 1721 3903 3914 138.0 3.646955652878701 2.821166785416295 -20.09516839123064 0.6337137724903735 -0.002658343408256769 0.028179403394460678 0.0 1.8044402734958567 0.08357738123905148 11.350913604207767 0.31267083850967503
396 1653.9018086523915 3910.251149844928 176.13202138265902 20.170808481455108 1649 1661 3903 3917 125.0 3.3730095587153923 3.030065629636279 39.78880964181093 0.4393273982290804 0.002917278790846467 0.028017856180667877 0.0 1.4726345092058182 0.07501530435160689 11.188093170919235 0.29036493405940705
397 1643.1699951407338 3914.042400694523 176.13211666269757 20.170840062108294 1639 1648 3910 3918 67.0 2.4208213035465564 2.0636874892787778 -23.73589274006073 0.5227694421237112 0.005050372332334518 0.0292858574539423 0.0 0.9380006515420973 0.056171495177221885 4.667083893427188 0.1999078059003435
398 1659.2447761371695 3929.478017541519 176.13197397367244 20.170968711840946 1650 1670 3914 3942 441.0 7.371784803774474 4.721986117200701 76.04259410229895 0.7679176690007685 0.0030346147250384092 0.03126179054379463 0.0 5.782306547742337 0.1434161528429254 27.552038051523272 0.5334395428918767
399 1670.4212265765946 3920.423189507992 176.1318747393827 20.170893268510365 1668 1673 3918 3923 26.0 1.6759998394697795 1.2171790753115337 45.08000185320859 0.687440642858874 0.007270549423992634 0.01747671701014042 0.0 0.3112609093077481 0.03745432447172027 3.404501609927354 0.141496377046468
400 1693.650462707696 3924.1649570131285 176.13166851910378 20.170924477914223 1684 1704 3917 3930 187.0 5.296592733888438 2.8760175206131624 -10.154844401180592 0.8397366430146641 0.0016941273352131248 0.025526976212859154 0.0 2.2918205320602283 0.09303424375138544 16.276225152935634 inf
401 1616.7599835640106 4390.496119076854 176.13235175298712 20.174810476931544 1608 1626 4386 4396 148.0 4.326779765416921 2.376776667506369 -7.1175663923801755 0.8356135919427626 0.0007877552416175604 0.04922644421458244 0.0 2.5172055014409125 0.08657211270978779 4.489553277011826 0.3930221818831812
402 1626.5261075827361 4401.04298384192 176.13226506271093 20.17489837950476 1620 1636 4391 4411 208.0 5.163439940538498 3.007128813895748 65.12909444475446 0.8129104876303814 -0.003788148518651724 0.08250270783901215 0.0 3.1838438508857507 0.09947292300883875 7.9822097650509285 0.28729985116169887
403 960.3653470719527 4737.59162763366 176.13817981982865 20.177702032395576 943 979 4724 4751 647.0 8.106803128049075 5.271437964654792 -19.257109776886995 0.7597214391654672 0.0027469834312796593 0.04456102102994919 0.0 11.963733737822622 0.17867969795478894 33.09069814065262 0.5261582371984845
404 968.6921117553192 4762.656506788017 176.13810593374902 20.177910919063997 947 995 4741 4789 1474.0 7.826804373799055 5.749596087259154 41.39326486072538 0.6784968943109928 0.0015722651733085513 3.1624279022216797 0.0 78.37449948803987 0.33653696986923487 83.54613197660152 0.36890547351994035
405 973.512715899473 4794.127282117206 176.13806318637117 20.17817318282885 943 992 4781 4806 666.0 10.810392073623495 4.634457162249554 -18.17674537687473 0.9034450578142764 0.0011226087808609009 0.10902173072099686 0.0 12.055678622564301 0.18269808251105182 35.91958386418077 0.572543095086784
406 615.1348771014591 5501.660126459815 176.1412462171701 20.184068714750016 609 623 5498 5506 88.0 3.196616265414667 1.9582355310953576 -5.903647000799109 0.7903959029452579 0.0020838326308876276 0.037304241210222244 0.0 1.514447339111939 0.06627542728413004 3.0636236704048043 0.17666102079012844
407 626.648484024114 5500.779870674155 176.14114399120336 20.18406139862372 624 629 5499 5502 14.0 1.3313734994318307 0.8503210856966503 3.449912784485045 0.7694727913157776 0.006321425549685955 0.019301585853099823 0.0 0.1917006867006421 0.0251825853027482 1.08724110838207 0.09666432941807322
408 1731.1963235780559 5769.773115670986 176.1313375220114 20.18630458918984 1674 1838 5676 5869 12691.0 10.408181456269135 9.689259555273187 -14.687073758335291 0.36520472115899594 -0.0012390415649861097 49.99287033081055 0.0 8715.411751100306 inf 8431.388948305465 inf
409 1698.7787009541976 5760.190145057322 176.13162533616074 20.18622469246468 1625 1717 5704 5783 4064.0 16.91366437937608 11.645510021034479 30.066541216164914 0.7252109642013002 0.0005879616946913302 45.8907585144043 0.0 390.26121953647817 inf 535.9773747659328 inf
410 1680.5448431220977 5789.003672374551 176.13178726610337 20.18646478321738 1650 1703 5774 5815 1307.0 12.876311771735418 7.8305860722108 -12.457393993883901 0.7938306360626527 0.003120227251201868 0.10613924264907837 0.0 48.94999815779738 0.30186177094170913 116.18772716611998 0.7645508125678206
411 5689.068763417829 5691.23665349376 176.09619679866395 20.185651318342906 5681 5697 5682 5702 240.0 5.203685686530424 3.3553086815612376 64.89036257024 0.7643558475341878 0.0018815755611285567 0.04485011845827103 0.0 4.075002712546848 0.11683714341052934 11.13110350915787 inf
