Data/Catalogs/F475W_Catalog.ecsv
# %ECSV 1.0
# ---
# datatype:
# - {name: label, datatype: int64}
# - {name: xcentroid, datatype: float64}
# - {name: ycentroid, datatype: float64}
# - {name: sky_centroid.ra, unit: deg, datatype: float64}
# - {name: sky_centroid.dec, unit: deg, datatype: float64}
# - {name: bbox_xmin, datatype: int64}
# - {name: bbox_xmax, datatype: int64}
# - {name: bbox_ymin, datatype: int64}
# - {name: bbox_ymax, datatype: int64}
# - {name: area, unit: pix2, datatype: float64}
# - {name: semimajor_sigma, unit: pix, datatype: float64}
# - {name: semiminor_sigma, unit: pix, datatype: float64}
# - {name: orientation, unit: deg, datatype: float64}
# - {name: eccentricity, datatype: float64}
# - {name: min_value, datatype: float64}
# - {name: max_value, datatype: float64}
# - {name: local_background, datatype: float64}
# - {name: segment_flux, datatype: float64}
# - {name: segment_fluxerr, datatype: float64}
# - {name: kron_flux, datatype: float64}
# - {name: kron_fluxerr, datatype: float64}
# meta: !!omap
# - {date: '2025-03-07 10:20:34 CST'}
# - version: {Python: 3.12.5, astropy: 6.1.2, bottleneck: null, gwcs: 0.21.0, matplotlib: 3.10.0, numpy: 1.26.4, photutils: 1.12.0, scipy: 1.14.0,
#     skimage: 0.24.0, sklearn: 1.5.1}
# - {localbkg_width: 0}
# - {apermask_method: correct}
# - kron_params: !!python/tuple [2.5, 1.4, 0.0]
# - __serialized_columns__:
#     area:
#       __class__: astropy.units.quantity.Quantity
#       unit: !astropy.units.Unit {unit: pix2}
#       value: !astropy.table.SerializedColumn {name: area}
#     eccentricity:
#       __class__: astropy.units.quantity.Quantity
#       unit: !astropy.units.Unit {unit: ''}
#       value: !astropy.table.SerializedColumn {name: eccentricity}
#     orientation:
#       __class__: astropy.units.quantity.Quantity
#       unit: &id001 !astropy.units.Unit {unit: deg}
#       value: !astropy.table.SerializedColumn {name: orientation}
#     semimajor_sigma:
#       __class__: astropy.units.quantity.Quantity
#       unit: !astropy.units.Unit {unit: pix}
#       value: !astropy.table.SerializedColumn {name: semimajor_sigma}
#     semiminor_sigma:
#       __class__: astropy.units.quantity.Quantity
#       unit: !astropy.units.Unit {unit: pix}
#       value: !astropy.table.SerializedColumn {name: semiminor_sigma}
#     sky_centroid:
#       __class__: astropy.coordinates.sky_coordinate.SkyCoord
#       dec: !astropy.table.SerializedColumn
#         __class__: astropy.coordinates.angles.core.Latitude
#         unit: *id001
#         value: !astropy.table.SerializedColumn {name: sky_centroid.dec}
#       frame: icrs
#       ra: !astropy.table.SerializedColumn
#         __class__: astropy.coordinates.angles.core.Longitude
#         unit: *id001
#         value: !astropy.table.SerializedColumn {name: sky_centroid.ra}
#         wrap_angle: !astropy.coordinates.Angle
#           unit: *id001
#           value: 360.0
#       representation_type: spherical
# schema: astropy-2.0
label xcentroid ycentroid sky_centroid.ra sky_centroid.dec bbox_xmin bbox_xmax bbox_ymin bbox_ymax area semimajor_sigma semiminor_sigma orientation eccentricity min_value max_value local_background segment_flux segment_fluxerr kron_flux kron_fluxerr
3 1924.3254073809073 416.51336272635046 176.12961652429738 20.141694318774853 1920 1931 408 421 2.0 3.8360370886694146 2.205067892327111 44.383737239172646 0.8182730980017546 0.02429262548685074 0.02429262548685074 0.0 0.04858525097370148 inf 2.20742303996714 inf
11 3539.994321863801 656.4973337413827 176.11527568082167 20.143695375512486 3538 3542 655 658 16.0 1.2151541829744992 0.991314159187671 -0.553584723034349 0.5783441350270422 0.01166465599089861 0.022118642926216125 0.0 0.2607915662229061 0.03137993386064043 1.5387771146050238 0.11374233001278221
12 3879.7725555627253 702.8581717202633 176.1122597262912 20.144081818505946 3875 3889 699 710 2.0 3.868213349687793 2.1283738318314374 -46.60185493345751 0.8350187973347876 0.01979108899831772 0.03484364226460457 0.0 0.05463473126292229 0.015519403258611482 0.3972175668325749 inf
16 2256.495719295994 849.0012287618446 176.12666856437056 20.145298722688786 2255 2258 848 850 12.0 1.1129559937280074 0.8142321470658033 0.3625020326271356 0.6817403686218027 0.010614960454404354 0.018888885155320168 0.0 0.17697103414684534 0.02414690146015402 2.146513993258371 0.10627487849593553
17 1959.7597064622664 883.5400652625681 176.1293025420511 20.145586245126132 1955 1965 879 888 86.0 2.6846500488278964 2.2140563572879803 -39.00733401506486 0.5655565988562355 0.0033593398984521627 0.04793817177414894 0.0 1.5234438395127654 0.06698572039313631 5.873328293431825 0.22042666984622236
18 1950.488426989461 891.4394132100387 176.12938484662476 20.145652062965645 1947 1954 888 894 41.0 1.9092737390222834 1.6772708410109431 8.659729268876465 0.4777675207089677 0.00276352115906775 0.024478236213326454 0.0 0.5574314913246781 0.04475553187792401 3.0682544144276354 0.17039949375637845
22 3429.0950409580264 1022.747849419589 176.11626022052334 20.146747417656044 3425 3433 1019 1027 61.0 2.361868729386077 1.9172966144987562 -31.827731543581713 0.583975849304081 0.0066908192820847034 0.02862679213285446 0.0 1.0364516279660165 0.05724228249204446 4.624165414844253 0.2073725170198081
23 4014.699255495088 1038.3086520785714 176.1110621362973 20.146877265036093 4012 4018 1036 1041 32.0 1.6885445894100444 1.3991981207569917 2.8149694443192224 0.5597796576285557 0.007961456663906574 0.04092269018292427 0.0 0.815329184755683 0.04431217941197503 1.404114453042337 0.10240511105507437
26 5567.261583376896 1122.5035147555443 176.097280834689 20.147578612116835 5562 5575 1118 1131 14.0 4.069634389523607 2.186808856909296 -57.4885893218721 0.8433607782773604 0.0014286617515608668 0.10520830750465393 0.0 0.6772734586847946 inf 0.710426338362191 inf
27 4231.466155946875 1126.1286915205046 176.10913802056865 20.14760912429169 4230 4233 1124 1128 15.0 1.1419675702607193 1.0059458741858844 75.72253727096452 0.47332420069948994 0.006635874509811401 0.02432846650481224 0.0 0.274181314278394 0.03046034596040103 1.5052029005324599 inf
29 4074.8273142449057 1157.9502218701332 176.1105284299957 20.147874287133163 4065 4083 1147 1167 262.0 4.530593291714013 4.075090516663086 58.279803910758424 0.4370017020991803 0.0012961116153746843 0.09004546701908112 0.0 5.877935192314908 0.12516665071016014 9.276676199814386 0.3062940539223921
31 5200.839094655082 1197.4683424338114 176.1005333543597 20.148203480795452 5197 5205 1193 1201 66.0 2.197567718866783 2.000144401330054 6.6675877272228465 0.4142507291660366 -0.002964140847325325 0.1227162703871727 0.0 2.2106125270947814 0.07012236481782683 2.5859639198351 0.1061248406019928
32 4212.04783994318 1201.0761427229017 176.109310393586 20.148233684795496 4205 4219 1197 1205 114.0 3.4754997002379397 2.1718287258603044 0.6331006825337717 0.780707345208523 0.000292224227450788 0.06833534687757492 0.0 3.197314664721489 0.08887041813105058 3.7723615225584486 0.1328055300575868
33 4974.703814182127 1204.4894235777592 176.10254064984278 20.1482620599296 4973 4977 1202 1207 24.0 1.5682752359943943 1.1778745216611064 72.1513190678871 0.6602298046012045 0.005191915202885866 0.041357263922691345 0.0 0.4677710086107254 0.039511548390962735 1.8310070794088507 0.1269952324510502
35 2680.8521399043193 1213.329720197416 176.12290211611932 20.148335155215797 2679 2683 1211 1216 21.0 1.5310241343910949 1.0787792735419204 75.7287913322824 0.7095919506382253 0.006811670958995819 0.02213437668979168 0.0 0.3116337419487536 0.03238599580031084 2.061709180145675 0.1309443933476673
36 3093.4644716225966 1218.6700187900567 176.11923954920533 20.148379933507805 3090 3097 1215 1222 55.0 2.0181840268945375 1.9261446603809393 -24.41973572694139 0.29854691991495047 0.004792142193764448 0.049674760550260544 0.0 1.2283733119256794 0.05632920711345828 1.8342333554668089 0.11862898162084169
39 5688.834310921769 1263.3308971894155 176.0962016079009 20.148752106453333 5686 5692 1260 1266 37.0 2.045314205763116 1.3708251968928402 44.3923995441113 0.7421559883875656 0.0037079534959048033 0.039650049060583115 0.0 0.7768450712319463 0.047508273453236056 2.873714397140815 0.18502620015026336
40 5108.121421434697 1272.3329731974502 176.1013563404184 20.1488273840943 5107 5109 1271 1274 9.0 0.9634075266874552 0.6966887458696583 -69.61806927238919 0.6906903701005043 0.01860281638801098 0.04165347293019295 0.0 0.24264504574239254 0.024905737370720944 1.4369356929387966 0.0926994557349688
42 4922.790607032515 1363.1382358911567 176.10300141928306 20.149584145990556 4918 4927 1359 1367 63.0 2.4875698749639557 1.8022990072482288 31.79128131939687 0.6892517146135995 -0.0008641009917482734 0.07209184020757675 0.0 1.6316250573145226 0.06437001028690252 2.6940718720631205 0.14517850217472408
43 6270.3671941715575 1386.017993969366 176.09103948438104 20.149774087675087 6268 6272 1384 1388 17.0 1.14809033551541 1.1139721225956711 85.05868358242218 0.24197437261978177 0.0011771644931286573 0.12187692523002625 0.0 0.5918514493387192 0.37952008608437743 0.9073857015189382 inf
46 2386.686344178087 1445.86261373586 176.12551351170768 20.150272685995944 2384 2390 1443 1449 36.0 1.9207121751915537 1.4312450394292082 -53.23897489779453 0.666881565724461 0.00824496429413557 0.03048519790172577 0.0 0.5887362770736217 0.045842162012082716 4.876752599437539 0.17652758289821568
47 5691.957163923544 1468.960712838546 176.09617376074937 20.150465686088154 5679 5705 1451 1493 730.0 9.241244511389985 5.257849899855294 -78.14975820570803 0.8223688344899655 -0.00022609576990362257 0.07425712794065475 0.0 18.262687432488747 0.2202390243764318 42.73562424417996 inf
48 2730.870512596227 1513.1308624020048 176.12245836195808 20.150833534982272 2730 2732 1512 1514 8.0 0.8530898897755584 0.6816573949907784 44.806601585694324 0.6012709399765114 0.016649261116981506 0.08552655577659607 0.0 0.33580167777836323 0.02368347670856892 0.5811942164555485 0.04619583963618477
49 1901.0496099187117 1525.2089378390472 176.12982443294462 20.1509334199982 1899 1904 1524 1527 19.0 1.662318783573282 0.9485664584676674 -19.474429502036575 0.8212083326696553 0.006451340392231941 0.015456050634384155 0.0 0.2153161894530058 0.029388409515432118 2.6702328706756786 0.1375232670211891
50 6293.706927589265 1531.5792337710818 176.0908321749735 20.150987078104095 6290 6297 1528 1535 47.0 2.17918388768115 1.6499281339314817 -56.080862725966085 0.6532628343001737 0.006527434103190899 0.0388360433280468 0.0 0.7684969939291477 0.05123778455598135 3.6017197321159777 0.19286729255756954
51 1800.060934612669 1547.7123482728339 176.1307209055364 20.151120834295813 1777 1827 1529 1566 1392.0 10.353945098852709 6.537093448745054 17.43437172119376 0.7754877804990706 -0.00017037600628100336 0.3666835427284241 0.0 39.475563311745645 0.3713523783389299 60.51516672742974 0.6127231880681892
52 6220.1997154061 1531.4019694482593 176.09148467597197 20.150985661928356 6219 6221 1531 1532 5.0 0.771204909643334 0.4468589740617303 18.722991859974815 0.815022273292202 0.00860429834574461 0.049768488854169846 0.0 0.12107013165950775 0.017573642362841885 0.863132340532539 0.07536346834080677
53 1914.1679054262022 1538.4196707501633 176.12970800144467 20.151043523898064 1910 1920 1532 1545 85.0 3.9728464321571266 1.8415851511770107 64.92298034302188 0.8860744256212809 -0.005127061158418655 0.03227610141038895 0.0 1.016140493331477 0.07170635763647971 11.974400795544412 inf
54 1905.798417024898 1538.60047485169 176.12978229504657 20.151045021365576 1905 1907 1538 1539 5.0 0.7729453753645962 0.4476652956158292 18.385961663166416 0.8152081483810292 0.010459375567734241 0.01763586699962616 0.0 0.06602415628731251 0.015413228643134576 0.9529942746381792 inf
55 1926.6061888028346 1551.533466607516 176.12959760593088 20.1511528191681 1923 1931 1548 1555 48.0 2.535458439834425 1.4897874794414534 32.077814155760215 0.8091652745184119 0.004695405717939138 0.023089583963155746 0.0 0.6116547319106758 0.048480752213284156 5.576554266348493 0.20451808187736964
57 3115.7964743285565 1651.604715616161 176.11904157991793 20.15198773469834 3115 3117 1651 1652 5.0 0.768692766506756 0.44848435697703276 18.16902761319674 0.8121578811956078 0.013882133178412914 0.037115368992090225 0.0 0.12958726566284895 0.017058878092525303 0.764861199152352 0.06048802731070158
58 7840.359939851022 1679.3567546936927 176.07710277281024 20.152216715770667 7834 7851 1674 1688 33.0 4.590610173624914 2.811952165418611 -49.272305297499294 0.7904362478058178 0.0024459282867610455 0.042490698397159576 0.0 0.7822067439556122 inf 1.1346564200144555 inf
60 7501.924566274844 1730.2872293510823 176.08010690723992 20.152641630156655 7500 7504 1729 1732 14.0 1.2823278820927186 0.850909057997283 36.19368029784753 0.7481178339254316 0.007430807687342167 0.020564915612339973 0.0 0.20484508480876684 0.02634291544131003 1.3072231525850495 0.10307196935681032
61 2252.8024920942576 1758.9946515602055 176.12670226935055 20.152881995794125 2251 2254 1758 1760 10.0 0.974295389870582 0.7712865571733414 -0.31216079833992894 0.6109939927440392 0.010845727287232876 0.022586962208151817 0.0 0.17291521560400724 0.02584724097593872 1.3010630148200693 0.0954668957811365
64 7714.63207755546 1814.3238122531036 176.07821861604612 20.153341630361602 7712 7717 1812 1817 30.0 1.5775495975147584 1.4075977040447245 43.34950392057405 0.4515053124997687 0.00888084527105093 0.039655931293964386 0.0 0.5784687697887421 0.03916741119141556 1.3371289153749113 0.11009505675970524
65 3296.2738474162197 1829.2843384582582 176.11743961980235 20.153468493055748 3290 3303 1820 1840 192.0 4.0357558604627055 2.885644847811029 77.26814959123257 0.6991043290639013 0.0008938562241382897 0.09472408145666122 0.0 4.983046627312433 0.1072790546478769 6.704054074831733 0.19007821486539278
66 2354.2483688380507 1878.9762564154576 176.12580187054584 20.153881936481323 2351 2358 1876 1882 46.0 1.8803118814161783 1.723078230446583 -23.18169730587875 0.4003118998829302 0.0017438021022826433 0.07097253948450089 0.0 1.0224220405798405 0.049742551900674455 1.4056394112112802 0.10070404425360474
67 8149.480758080264 1883.941648202135 176.07435841686183 20.153921093741644 8144 8155 1880 1888 85.0 2.992984337811154 2.1184857178499916 8.184458722252876 0.7063956732798486 0.005838747601956129 0.021735509857535362 0.0 1.1415164642967284 0.06464757027198799 4.337071296494623 0.22698666819060617
68 5515.039798535025 1896.212221530305 176.0977439685222 20.154026210196246 5513 5517 1894 1898 21.0 1.370575373644808 1.1569789809586655 35.607437979114344 0.5360981204846115 0.009718459099531174 0.05069005489349365 0.0 0.5120858950540423 0.04013849866408077 1.503472958199911 0.12576530439688202
69 1833.704940907009 1994.3002187360844 176.13042279937687 20.154842437576228 1832 1835 1993 1996 10.0 0.9894524473640832 0.7811388772022975 44.47355104697614 0.6137945387655402 0.012952807359397411 0.02685830555856228 0.0 0.19400129653513432 0.022526199833646905 0.96298863768118 0.08420196146113554
70 8376.798907798679 2007.9420638936635 176.07234031187912 20.15495403859992 8373 8381 2004 2012 65.0 2.0135398173903054 1.9847351501136985 62.70252602455283 0.16854176528421605 -0.004563700873404741 0.3264978229999542 0.0 1.6197714088139037 inf 1.656169789211389 inf
71 4112.512861142392 2017.1815063080141 176.11019402688783 20.155034551640142 4104 4121 2008 2027 286.0 4.431961501072792 3.8542190645236802 -75.43043544809748 0.4936832035545537 0.0019448050297796726 0.0965566411614418 0.0 8.684267159551382 inf 10.793013238155073 inf
72 8193.194102256177 2022.5967007151648 176.0739701296865 20.15507647864929 8188 8198 2019 2027 77.0 2.6650483786662402 2.0727970051700293 -4.795303694246057 0.628547904671043 -0.0036600776948034763 0.031699761748313904 0.0 1.2019764306023717 0.06355906054251861 2.806472135252485 0.17425358009330202
73 7811.98665720261 2036.416754973456 176.0773540561418 20.155192258326043 7805 7819 2030 2043 175.0 3.1391287581085305 2.8573546389273288 31.712796235733094 0.41408522874695286 -0.0036600367166101933 0.34941425919532776 0.0 6.367299937250209 0.10877404110128219 6.8916487357127725 0.13628076056390984
74 8667.51020768628 2086.388101462 176.06975953336897 20.155607221010097 8664 8671 2081 2092 70.0 2.919664927172443 1.7979573799510464 -74.72635473386146 0.7878950867548641 0.0011527577880769968 0.029517151415348053 0.0 1.1508467381354421 inf 6.676526200667215 inf
75 7957.156721006611 2117.92921153086 176.0760652538768 20.155871302956726 7955 7959 2115 2121 28.0 1.6663869378526535 1.2699784620903793 82.3098065997261 0.6474416917383116 0.005146680865436792 0.024617360904812813 0.0 0.4682959564961493 0.036718558119645056 1.4587138517144953 0.1208093472241585
76 8516.966697230986 2121.9554457655854 176.07109583120936 20.15590389686958 8514 8520 2119 2124 28.0 1.788243318188868 1.203866882980394 32.67011790927813 0.7394495157202373 0.008538302034139633 0.026362735778093338 0.0 0.45212835539132357 0.037543840481151676 1.4777809290820265 0.12261415126863708
77 7690.159686274789 2146.0323133433762 176.07843533397718 20.156105903236394 7669 7711 2121 2174 1590.0 9.043344097768191 6.462068050115332 64.72576626984217 0.699567825304804 -0.0016120073851197958 1.2518011331558228 0.0 63.60148964601103 inf 77.74451281520126 inf
78 4630.501228166486 2142.2017938205677 176.10559587003013 20.156076391590577 4629 4632 2141 2143 10.0 1.02082629228309 0.7463197381500979 -0.029928682662127996 0.6822770007523469 0.02012496069073677 0.026861997321248055 0.0 0.24163908697664738 0.027019964198789753 2.99697268779867 0.11863314050906605
79 6588.872489486987 2162.690077933356 176.08821142327028 20.15624606488564 6587 6591 2161 2165 20.0 1.3295521190746173 1.1338853366805326 20.884617069751826 0.5221844745685577 0.0077817318961024284 0.04436660185456276 0.0 0.4911758406087756 0.03427918578959014 1.0233052784349965 0.09523190214872966
80 6617.392695039565 2176.054535876529 176.08795823555812 20.1563574072737 6613 6622 2170 2183 108.0 3.1035805497518396 2.335515509087889 -88.60032095170368 0.6585660554406496 -0.013832686468958855 0.06197486072778702 0.0 2.3789156657876447 0.08061388176889978 3.505154363221787 0.1513007402779825
81 5309.887046348012 2205.4156554602114 176.09956494693301 20.156602998445926 5306 5314 2202 2209 62.0 2.1565153023589425 1.9176674930203128 13.869273733215397 0.45743389538661455 -0.005834880284965038 0.10647889226675034 0.0 2.0731283782079117 0.06896775586028614 2.393010786347844 0.11439837570213529
82 3220.4957502173115 2210.5012539197037 176.1181125008535 20.15664526211293 3219 3222 2210 2211 8.0 1.0996432760051296 0.49999835121944525 0.016176720452729693 0.890649045381893 0.01789393275976181 0.04140522703528404 0.0 0.25828136317431927 0.02455603131310831 0.7199289298529018 0.23166507628362626
83 3517.5622597373676 2222.7868492480748 176.11547544236797 20.156747777042224 3514 3521 2220 2226 41.0 1.809661180817325 1.5959348728599994 7.511688248852006 0.4714420193502969 0.0032901393715292215 0.09455718100070953 0.0 1.1052269933279604 0.05130180600703085 1.3242115047534349 0.07647167240959796
