Data/Catalogs/F475W_Catalog.ecsv
# %ECSV 1.0
# ---
# datatype:
# - {name: label, datatype: int64}
# - {name: xcentroid, datatype: float64}
# - {name: ycentroid, datatype: float64}
# - {name: sky_centroid.ra, unit: deg, datatype: float64}
# - {name: sky_centroid.dec, unit: deg, datatype: float64}
# - {name: bbox_xmin, datatype: int64}
# - {name: bbox_xmax, datatype: int64}
# - {name: bbox_ymin, datatype: int64}
# - {name: bbox_ymax, datatype: int64}
# - {name: area, unit: pix2, datatype: float64}
# - {name: semimajor_sigma, unit: pix, datatype: float64}
# - {name: semiminor_sigma, unit: pix, datatype: float64}
# - {name: orientation, unit: deg, datatype: float64}
# - {name: eccentricity, datatype: float64}
# - {name: min_value, datatype: float64}
# - {name: max_value, datatype: float64}
# - {name: local_background, datatype: float64}
# - {name: segment_flux, datatype: float64}
# - {name: segment_fluxerr, datatype: float64}
# - {name: kron_flux, datatype: float64}
# - {name: kron_fluxerr, datatype: float64}
# meta: !!omap
# - {date: '2025-03-07 10:20:34 CST'}
# - version: {Python: 3.12.5, astropy: 6.1.2, bottleneck: null, gwcs: 0.21.0, matplotlib: 3.10.0, numpy: 1.26.4, photutils: 1.12.0, scipy: 1.14.0,
#     skimage: 0.24.0, sklearn: 1.5.1}
# - {localbkg_width: 0}
# - {apermask_method: correct}
# - kron_params: !!python/tuple [2.5, 1.4, 0.0]
# - __serialized_columns__:
#     area:
#       __class__: astropy.units.quantity.Quantity
#       unit: !astropy.units.Unit {unit: pix2}
#       value: !astropy.table.SerializedColumn {name: area}
#     eccentricity:
#       __class__: astropy.units.quantity.Quantity
#       unit: !astropy.units.Unit {unit: ''}
#       value: !astropy.table.SerializedColumn {name: eccentricity}
#     orientation:
#       __class__: astropy.units.quantity.Quantity
#       unit: &id001 !astropy.units.Unit {unit: deg}
#       value: !astropy.table.SerializedColumn {name: orientation}
#     semimajor_sigma:
#       __class__: astropy.units.quantity.Quantity
#       unit: !astropy.units.Unit {unit: pix}
#       value: !astropy.table.SerializedColumn {name: semimajor_sigma}
#     semiminor_sigma:
#       __class__: astropy.units.quantity.Quantity
#       unit: !astropy.units.Unit {unit: pix}
#       value: !astropy.table.SerializedColumn {name: semiminor_sigma}
#     sky_centroid:
#       __class__: astropy.coordinates.sky_coordinate.SkyCoord
#       dec: !astropy.table.SerializedColumn
#         __class__: astropy.coordinates.angles.core.Latitude
#         unit: *id001
#         value: !astropy.table.SerializedColumn {name: sky_centroid.dec}
#       frame: icrs
#       ra: !astropy.table.SerializedColumn
#         __class__: astropy.coordinates.angles.core.Longitude
#         unit: *id001
#         value: !astropy.table.SerializedColumn {name: sky_centroid.ra}
#         wrap_angle: !astropy.coordinates.Angle
#           unit: *id001
#           value: 360.0
#       representation_type: spherical
# schema: astropy-2.0
label xcentroid ycentroid sky_centroid.ra sky_centroid.dec bbox_xmin bbox_xmax bbox_ymin bbox_ymax area semimajor_sigma semiminor_sigma orientation eccentricity min_value max_value local_background segment_flux segment_fluxerr kron_flux kron_fluxerr
[from data line 109]
146 5861.559468306389 3789.3418040878055 176.09466663904863 20.169802088710448 5857 5866 3785 3794 85.0 2.337293626620403 2.272702056547329 27.898366729671977 0.2334666787757697 -0.0013548987917602062 0.1300063282251358 0.0 2.4786934509756975 0.07409893131140025 2.8114501054716077 inf
147 2759.022932807773 3802.3485170886083 176.12221023326174 20.169910367438018 2754 2765 3794 3812 150.0 4.915971174310477 2.158748835616241 -66.72102449844783 0.8984236898447017 0.0028851216193288565 0.043314363807439804 0.0 2.9625985373277217 0.09014613784290298 5.046936513653147 0.21767957546960903
148 2617.3254491486337 3810.8831132284813 176.12346819793316 20.1699813816871 2614 2621 3808 3814 44.0 1.949409627234621 1.633177831546055 1.7836530623167663 0.5460068122373904 0.003295321948826313 0.05066328123211861 0.0 0.9517735848203301 0.05009070717017008 1.6802484651697234 0.11200158620920007
149 5716.530860357113 3814.5309476432767 176.09595415277857 20.170012088548855 5714 5719 3812 3817 32.0 1.5211972266863782 1.5039752339660308 -1.5581777459745958 0.15004835714977538 0.003061268711462617 0.08938463777303696 0.0 0.9283732136245817 0.04454885187714997 1.1564546704585945 0.07861543416113005
150 6019.716224422226 3934.652995555219 176.09326244857422 20.171012906097253 6011 6028 3926 3942 235.0 3.2502905244590505 3.0838428110745038 27.469009965161067 0.3159077900990531 -0.0057663144543766975 0.7104635238647461 0.0 16.904640008673596 0.15560873986503945 17.2905528442743 0.1762989020128033
151 3093.5119706332794 3946.00191748316 176.119240805259 20.17110769710616 3092 3095 3944 3948 16.0 1.1925492485719744 0.9901560982008439 -89.70861654677513 0.5573386204907692 -0.008756066672503948 0.08875726908445358 0.0 0.4976225132122636 0.03391608973973288 0.9693012737584085 0.0830283757354446
152 1679.6740825140178 3950.6816684453697 176.13179263306944 20.171145433664652 1676 1684 3947 3954 54.0 2.1309838464481623 1.859409763540039 19.324444502660906 0.48850821490736457 0.006831065751612186 0.03300752863287926 0.0 0.8629280515015125 0.050259983368952724 3.9036900358481392 0.18053434667810345
153 7248.329773591901 3980.503871912901 176.08235496290564 20.171393769311052 7244 7253 3976 3985 71.0 2.1988727655519007 2.0952869928592985 57.032907732100874 0.30331162344397744 0.0008394226315431297 0.10786648839712143 0.0 1.6283352231257595 0.06238057754621725 1.7700875004913932 0.08795968499035367
154 4399.731169380258 4001.5585590552428 176.10764440335194 20.171571043487152 4387 4413 3989 4013 521.0 3.4847350465379607 3.37775218786706 2.999516687305624 0.24588277782357978 -0.008040874265134335 8.448491096496582 0.0 181.16684003871342 0.4078859720827399 180.23542915638768 0.4025119105878357
155 4635.952489970733 4022.4823590193128 176.10554726018526 20.17174539507356 4631 4641 4018 4027 97.0 2.507096958638956 2.3154254537864034 -6.5686087259493515 0.383481814469547 -0.0012633961159735918 0.23707018792629242 0.0 4.176266014750581 0.09392845758497695 4.623902882047263 0.1314329889424702
156 2311.905314740382 4056.356460135357 176.1261798904866 20.172026730941546 2311 2313 4055 4058 11.0 1.0766565277679174 0.7642914579506739 -75.12303600308063 0.7043277711767114 0.009763594716787338 0.02373235486447811 0.0 0.19587348401546478 0.023401185752100366 1.2136852302954158 0.08862753220951965
157 4007.1316949701454 4083.1492710535167 176.1111298628731 20.172250933414976 4004 4010 4080 4086 39.0 1.7366930755472403 1.603922766370157 43.936763927948704 0.38347819873630484 -0.0021282013040035963 0.08998402953147888 0.0 1.1220876795705408 0.05155043446630414 1.5707473390305076 0.08918288322248483
158 5780.945415849628 4199.160634470156 176.09538204110862 20.173217296898294 5778 5784 4197 4202 33.0 1.7294212987384643 1.4221061477348131 -5.111239816038639 0.5690517059362241 0.00798762682825327 0.056137923151254654 0.0 0.7157659316435456 0.04492504752611901 1.6257017617483382 0.1177739155715564
159 4801.705045205097 4211.5941455166485 176.10407569301168 20.173321302377534 4789 4814 4201 4222 456.0 6.071087151864785 4.898940938352374 21.96523333324509 0.5906474005734272 -0.0009518005535937846 0.07889746129512787 0.0 12.109199804719537 0.177696641227384 20.279689139241746 0.40380551746230814
160 3702.9893659534114 4233.5203812118925 176.11383005785774 20.173503953502962 3697 3709 4227 4239 135.0 2.748974671668463 2.613389092404767 10.103768657173527 0.3101802544426662 -0.002783219562843442 0.4501054286956787 0.0 6.717509058362339 0.10824256236490055 7.175255279485809 0.13896903179858855
162 1631.1349019920094 4242.583979751062 176.1322239381643 20.17357789359265 1629 1633 4241 4244 17.0 1.2707258771186283 1.0004192309062385 15.969724870127251 0.6165934821261856 0.011460925452411175 0.024470647796988487 0.0 0.30671130307018757 0.030029026254472842 1.0550097633304663 0.09043612929337375
163 4386.99208239539 4250.9840082689 176.10775749962588 20.173649588912184 4380 4393 4244 4258 167.0 2.4785139497270303 2.2557252079582133 -87.33469692304095 0.41436240913260053 -19.2017822265625 15.77851390838623 0.0 66.14329315208124 inf 67.75177538847758 inf
164 4396.8088305481615 4252.0581394056335 176.1076703467071 20.173658539998065 4396 4398 4250 4254 13.0 1.2519605834476564 0.7461141072145676 -88.62908478922098 0.8030166830204148 -0.004142326302826405 0.2521507740020752 0.0 0.5868127688299865 inf 2.3492468717148602 inf
165 4756.788650829523 4266.030350273626 176.10447444965666 20.173774945195394 4753 4760 4262 4270 50.0 1.9729398564237426 1.8215077685107381 -47.625549612784326 0.38421064220157 0.0012625653762370348 0.0814485177397728 0.0 1.273563236114569 0.05838939576050345 3.105915592409389 0.16593468779842976
166 4749.287199805213 4281.022562051468 176.10454104490552 20.173899881504994 4742 4758 4273 4289 199.0 4.399923825552628 3.1432186920895044 -42.53643796155674 0.6997577118469333 0.002842910122126341 0.052301693707704544 0.0 4.4446625229902565 0.11657536563476271 10.217294244356086 inf
167 6140.51616666536 4299.177669330554 176.09218970436044 20.174050520709475 6119 6160 4278 4320 1237.0 4.181593239999902 4.108664748064103 -25.874958322031908 0.18594771861376347 -0.006333332508802414 17.79661750793457 0.0 354.7498569269119 0.568085415160944 345.6531348552305 0.5409456354960279
168 8002.508966745539 4309.078669420348 176.07565890882842 20.1741308058394 7995 8010 4302 4316 202.0 2.999138459369979 2.8845551887782284 44.18005138213043 0.27377205572003127 -0.004273287020623684 0.8835785388946533 0.0 13.07337611001276 inf 13.40953549893226 inf
169 5373.498072078172 4305.238860742433 176.0989992917575 20.17410149745325 5372 5375 4303 4307 18.0 1.286920465134151 1.0558084414399038 -88.60757691950764 0.5717689682292493 0.009078488685190678 0.0514625608921051 0.0 0.42721518501639366 0.034094251512636585 1.4294765931103648 0.10839602977316458
170 5958.353145118057 4306.591956218874 176.09380694296786 20.17411244102009 5954 5962 4303 4310 56.0 2.288485251550634 1.7865431792462696 23.337063755257574 0.6249481737991192 0.002778614405542612 0.04587729275226593 0.0 1.124559001531452 0.05598464692189952 2.472799160504035 0.15184158068268966
171 3371.863264489161 4316.578754931455 176.11676982683392 20.174195980847543 3360 3383 4304 4327 454.0 3.394190045779719 3.339197730613176 -1.4445470214708072 0.17927992405516988 -0.00012453331146389246 6.311487197875977 0.0 125.85582693726514 0.344629155773318 125.58397771473513 inf
172 3530.162569269338 4314.388071627635 176.1153644426314 20.174177791369157 3528 3533 4312 4317 24.0 1.413131656665573 1.2776721470835757 -24.39196169238693 0.42723137655397825 0.007156420964747667 0.05970754474401474 0.0 0.7368884463794529 0.04097089247410043 1.2814152973418445 0.09122460890521847
173 4588.010128506492 4364.339240239216 176.10597285435702 20.174594207145557 4585 4591 4361 4368 40.0 1.8402849678360627 1.6276680432029205 71.71659550448757 0.46660612954054403 0.00473951268941164 0.043236006051301956 0.0 0.8911091396585107 0.051275841089439646 2.8226716497482967 0.17367083434370387
174 6129.538069338735 4388.143995772894 176.09228709454672 20.174791915265665 6126 6133 4385 4391 42.0 2.1366332434717843 1.4473587649949833 -33.56016018087209 0.7356134041733196 0.00147473334800452 0.038287512958049774 0.0 0.8896716403542086 0.04808796969133437 2.225382130403645 0.14162436490997102
175 3223.4981442066637 4427.993338569201 176.11808707598934 20.175124363505038 3222 3225 4427 4429 8.0 0.8555524001486312 0.7048465331037762 0.11186788907207991 0.5668084137632818 0.02076646126806736 0.03888040781021118 0.0 0.22537463530898094 0.023285749442090192 0.8638456478571571 0.07357528824328143
176 6958.840674659743 4479.861259996682 176.08492439586524 20.175555430276013 6955 6963 4473 4485 90.0 3.01591250573632 2.0766822138407734 84.88656175935735 0.7251650505635586 -0.0034808621276170015 0.048755794763565063 0.0 1.6860190259758383 0.06900185825903178 2.675084476547167 0.14334991032088182
177 3408.6993715700905 4493.694076816207 176.11644287787797 20.17567195825054 3406 3411 4491 4496 28.0 1.4429853831052175 1.42303669769444 -34.39477577495975 0.16570475652101466 0.010652068071067333 0.059579700231552124 0.0 0.8822678197175264 0.04417451798236475 1.2832620207272836 0.09494961877320093
178 5367.902578408672 4503.107610142649 176.09904887682146 20.175750406122 5366 5370 4501 4505 22.0 1.3509618332922981 1.2168763426910254 -44.93189896983368 0.4343418117485967 0.007961686700582504 0.05330231785774231 0.0 0.56801204290241 0.037429899392139775 1.7250432454891382 0.11757262143509173
179 1074.9470696288465 4507.420208411918 176.137162177104 20.17578410961704 1071 1079 4504 4511 55.0 2.1653900420008507 1.8759209673351254 16.72885028415108 0.49948918370723083 0.005870519671589136 0.023936118930578232 0.0 0.7831157115288079 0.04986291344088865 2.35196235407607 0.16028807601079328
180 1242.7148313663486 4520.538487628046 176.13567273745227 20.175893670044815 1239 1246 4515 4526 76.0 3.1393729759620683 1.9087806101424374 -78.93157009909915 0.7939268185962618 0.005143387708812952 0.02513623796403408 0.0 0.9835608890280128 0.06220704250480789 2.590775157321899 0.17538862143637576
181 1470.051875667135 4535.796915721716 176.13365443573028 20.176021130777492 1463 1477 4528 4543 182.0 2.9962055034901796 2.917512490941623 74.45402752916252 0.22768100178393097 -0.0007340435404330492 0.4422548711299896 0.0 7.769982581165095 0.11306088701905609 8.08788117016639 0.13871236129701348
182 1501.29626344212 4560.400740642313 176.13337707816976 20.176226203049787 1497 1505 4557 4564 53.0 2.4598628955605264 1.5932773895495844 40.88474145996151 0.7618871110538784 0.005334580782800913 0.03337671235203743 0.0 0.8886692561209202 0.050584316583992366 2.3568448786374394 0.15187550358193597
183 1050.0016000563076 4595.999175170376 176.13738378589525 20.176522230602387 1049 1051 4595 4597 5.0 0.6312960887038954 0.6292009838342357 0.028633511659053368 0.08140305523884912 0.007911650463938713 0.0276445671916008 0.0 0.07529113255441189 0.015301919363759235 0.4727828227999839 0.06929208724224631
184 6027.815731601882 4653.340404322965 176.09318998417785 20.177001961747767 6023 6032 4648 4659 94.0 2.994898499936996 2.1355697536259335 64.28509037531327 0.7010936991345218 -0.0005562920705415308 0.07271283119916916 0.0 2.0342732514836825 0.07348655917966572 3.385115242116087 0.16568094431809718
185 1104.8880591204304 4651.338961466971 176.13689658229424 20.17698347641161 1104 1106 4650 4653 9.0 0.9571579531651777 0.6983956965595819 69.30760950162312 0.6838147779780349 0.012763205915689468 0.027914371341466904 0.0 0.18510262109339237 0.021398025117331836 0.7665210181706638 0.06968705786911236
186 7271.1499548650245 4668.885294723091 176.0821514278541 20.177130251435837 7266 7277 4663 4675 117.0 2.628677969709514 2.56105250584272 70.5668664943081 0.22536690731522493 -0.0024366620928049088 0.15558785200119019 0.0 3.3519345177955984 0.08173360807135098 3.5443742184477847 0.10969668844715454
187 1243.8688728313216 4699.057732839567 176.13566275824658 20.177381331859955 1242 1246 4697 4701 20.0 1.2708823893396266 1.1777591615327103 63.527715298825456 0.3757389835073233 0.011608201079070568 0.03133094683289528 0.0 0.3980039916932583 0.03209261725779844 0.9376076758802533 0.08795551618643986
188 2611.3620993402783 4737.345481721777 176.12352192112712 20.177701896403487 2609 2614 4735 4740 30.0 1.560219857956213 1.4074303778248123 -44.574208304156656 0.43158593453748434 0.005101462826132774 0.04892498627305031 0.0 0.670834013260901 0.04094022643174315 1.211285129404219 0.0967287745972108
190 5254.59955023127 4743.199419527023 176.10005469417115 20.177751217649526 5254 5255 4742 4744 5.0 0.7741135287311697 0.44708498341098124 -71.50104279210565 0.8163592294626133 0.012692716903984547 0.021092766895890236 0.0 0.07826773915439844 0.016800050382818062 1.2668458757541181 0.07795126096465116
191 5258.819105079883 4747.548144007545 176.1000172302616 20.17778745539143 5257 5260 4746 4749 11.0 1.1311176618718237 0.7518373203560178 -49.066167050193755 0.7471234217816697 0.008836062625050545 0.026896363124251366 0.0 0.1985746556892991 0.02540272854651625 2.6394913836817135 0.11419523203128404
192 778.2845128314159 4793.008782474407 176.139796466763 20.178163556392786 772 784 4785 4801 168.0 4.141389572008113 2.66703715557464 60.591317460637995 0.7650290934057522 -0.0008520735427737236 0.05557014420628548 0.0 3.2666994330938905 0.09485393856901307 5.728403471520997 0.21768113280527013
193 7722.639559686224 4792.043566728834 176.0781428278694 20.178155945527756 7720 7725 4789 4795 36.0 1.8690600547582634 1.4739230738591813 60.265758141614015 0.6149186642236262 0.007927998900413513 0.020233914256095886 0.0 0.47126878052949905 0.03981697257323959 2.054631865578269 0.14830055330002426
194 607.5381365069976 4806.507402025824 176.14131241769337 20.17827576366884 605 610 4805 4808 20.0 1.451844560814609 1.005647303834755 0.26700484185102125 0.7212558863752028 -0.0006653447635471821 0.07035966962575912 0.0 0.6181138421525247 inf 0.7516420028103961 inf
195 1051.283259665121 4819.361000420897 176.13737276099152 20.178383580798045 1047 1055 4815 4823 61.0 2.1654458594649766 2.0156420389780663 -36.10116268591576 0.36547591632103676 0.0031989021226763725 0.03922109305858612 0.0 0.9862569533288479 0.05485980457979161 3.223695457558536 0.1742507142416166
196 987.9386842396407 4822.140893395153 176.13793515442129 20.178406651464613 986 989 4820 4824 15.0 1.3073136280610258 0.914110804221871 -82.12660738838012 0.7148983548108129 0.00734062260016799 0.01757805235683918 0.0 0.18836387852206826 0.025618172762041747 2.144549943667206 0.11593094714397416
197 1782.2133148616879 4828.931859903153 176.13088339308575 20.178464306067294 1778 1787 4826 4831 44.0 2.523490101066017 1.347185479912713 9.669737918910199 0.845574120272286 0.00566134275868535 0.023579688742756844 0.0 0.6119929291307926 0.04601135834092244 2.5356628483307064 0.1571803595873206
198 1251.2606810930035 4838.650082470044 176.13559734025034 20.17854461164505 1247 1256 4834 4844 88.0 2.399439383248979 2.245461741255795 -75.19010522060168 0.35245792997593045 -0.003614051965996623 0.12164933979511261 0.0 2.1441000470658764 0.06887784596536646 2.309244045779786 0.09679603748316883
199 6865.797111224952 4840.656959355816 176.08575002119088 20.17856216538089 6864 6868 4839 4842 14.0 1.168538247730006 0.9121359833904027 24.60345084559239 0.6250576004583064 0.011650080792605877 0.028811147436499596 0.0 0.2773800799623132 0.026750085025926143 1.0434756191380992 0.08851518775042451
