Data/Catalogs/F814W_Catalog.ecsv
# %ECSV 1.0
# ---
# datatype:
# - {name: label, datatype: int64}
# - {name: xcentroid, datatype: float64}
# - {name: ycentroid, datatype: float64}
# - {name: sky_centroid.ra, unit: deg, datatype: float64}
# - {name: sky_centroid.dec, unit: deg, datatype: float64}
# - {name: bbox_xmin, datatype: int64}
# - {name: bbox_xmax, datatype: int64}
# - {name: bbox_ymin, datatype: int64}
# - {name: bbox_ymax, datatype: int64}
# - {name: area, unit: pix2, datatype: float64}
# - {name: semimajor_sigma, unit: pix, datatype: float64}
# - {name: semiminor_sigma, unit: pix, datatype: float64}
# - {name: orientation, unit: deg, datatype: float64}
# - {name: eccentricity, datatype: float64}
# - {name: min_value, datatype: float64}
# - {name: max_value, datatype: float64}
# - {name: local_background, datatype: float64}
# - {name: segment_flux, datatype: float64}
# - {name: segment_fluxerr, datatype: float64}
# - {name: kron_flux, datatype: float64}
# - {name: kron_fluxerr, datatype: float64}
# meta: !!omap
# - {date: '2025-03-07 10:18:55 CST'}
# - version: {Python: 3.12.5, astropy: 6.1.2, bottleneck: null, gwcs: 0.21.0, matplotlib: 3.10.0, numpy: 1.26.4, photutils: 1.12.0, scipy: 1.14.0,
#     skimage: 0.24.0, sklearn: 1.5.1}
# - {localbkg_width: 0}
# - {apermask_method: correct}
# - kron_params: !!python/tuple [2.5, 1.4, 0.0]
# - __serialized_columns__:
#     area:
#       __class__: astropy.units.quantity.Quantity
#       unit: !astropy.units.Unit {unit: pix2}
#       value: !astropy.table.SerializedColumn {name: area}
#     eccentricity:
#       __class__: astropy.units.quantity.Quantity
#       unit: !astropy.units.Unit {unit: ''}
#       value: !astropy.table.SerializedColumn {name: eccentricity}
#     orientation:
#       __class__: astropy.units.quantity.Quantity
#       unit: &id001 !astropy.units.Unit {unit: deg}
#       value: !astropy.table.SerializedColumn {name: orientation}
#     semimajor_sigma:
#       __class__: astropy.units.quantity.Quantity
#       unit: !astropy.units.Unit {unit: pix}
#       value: !astropy.table.SerializedColumn {name: semimajor_sigma}
#     semiminor_sigma:
#       __class__: astropy.units.quantity.Quantity
#       unit: !astropy.units.Unit {unit: pix}
#       value: !astropy.table.SerializedColumn {name: semiminor_sigma}
#     sky_centroid:
#       __class__: astropy.coordinates.sky_coordinate.SkyCoord
#       dec: !astropy.table.SerializedColumn
#         __class__: astropy.coordinates.angles.core.Latitude
#         unit: *id001
#         value: !astropy.table.SerializedColumn {name: sky_centroid.dec}
#       frame: icrs
#       ra: !astropy.table.SerializedColumn
#         __class__: astropy.coordinates.angles.core.Longitude
#         unit: *id001
#         value: !astropy.table.SerializedColumn {name: sky_centroid.ra}
#         wrap_angle: !astropy.coordinates.Angle
#           unit: *id001
#           value: 360.0
#       representation_type: spherical
# schema: astropy-2.0
label xcentroid ycentroid sky_centroid.ra sky_centroid.dec bbox_xmin bbox_xmax bbox_ymin bbox_ymax area semimajor_sigma semiminor_sigma orientation eccentricity min_value max_value local_background segment_flux segment_fluxerr kron_flux kron_fluxerr
[from data line 271]
368 5094.763527561687 1329.0089347738096 176.10147489375154 20.149299687903053 5091 5098 1324 1335 74.0 2.973224159229123 1.905086014463151 -84.83463971872389 0.7677516604681025 0.0032737846486270428 0.06299086660146713 0.0 2.160654131323099 0.11425247241787455 15.656599860823192 0.4538765871936166
369 5092.829895344159 1341.1378930557069 176.1014920537824 20.149400763140363 5089 5097 1335 1347 96.0 3.2940560164180632 2.12330889039333 -81.40505833518479 0.7645301466478817 0.00804152525961399 0.10421889275312424 0.0 3.1153255766257644 0.1337689866337168 12.998295291148175 0.4559205312259781
370 6207.698944708492 1389.9989477495637 176.09159576334054 20.14980731380761 6201 6214 1388 1392 51.0 3.3816569319266936 1.2067919798059947 9.448688227029553 0.9341563088839582 -0.008673439733684063 0.04891489818692207 0.0 1.319821213837713 0.09155292830625977 11.768302906973986 0.39017256676826106
371 6219.838602367224 1394.052031493335 176.09148800064258 20.149841079653182 6214 6226 1390 1398 70.0 3.245738979451132 1.711184096192028 18.878119345508377 0.8497353998513058 0.007475085090845823 0.0745653510093689 0.0 1.8193010897375643 0.10845144511588065 14.355024319964297 0.45236793390180763
372 6229.6919058509675 1396.793810639336 176.091400534158 20.149863919768826 6225 6234 1394 1400 50.0 2.5007981549627702 1.5666152428182183 13.565547349949055 0.7794647445046585 0.007269757799804211 0.080118328332901 0.0 1.3282784037292004 0.09182135843720994 12.109484203603483 0.3962950662028024
373 2367.8658494759325 1486.4323747296667 176.12568061358107 20.150610750411747 2322 2426 1433 1533 6874.0 21.759111775303033 17.64468381421012 51.522738110662985 0.5851707329637379 0.0019168127328157425 0.4503304958343506 0.0 343.4650517627597 inf 640.867012512535 inf
374 2454.824239013474 1483.6203808649357 176.1249087100736 20.15058739367199 2445 2465 1455 1507 446.0 13.90504356409806 2.6231485258109775 -75.02309298542265 0.9820449109014145 0.006279172841459513 0.06864723563194275 0.0 14.374612758401781 0.27415183371253576 64.97506520727083 0.9694673772313591
375 2434.1248628305175 1556.8144692625256 176.12509251948794 20.151197326363853 2313 2533 1500 1662 8703.0 10.012792264930436 7.747386803274336 17.433314451690734 0.6334924390196733 -0.007229682989418507 90.55847930908203 0.0 5927.410107349569 inf 5696.557401857579 inf
376 1916.1147696487424 1541.2468385836276 176.12969072304406 20.151067085767608 1910 1922 1534 1549 133.0 4.360024482762104 2.392313132446497 58.99476798519687 0.8360241862733055 0.004668212030082941 0.036433059722185135 0.0 2.7556432229466736 0.1392831627022016 25.750544598203813 0.5878175240988319
377 1924.0585984545464 1552.8404694187273 176.12962022165598 20.151163708062544 1920 1929 1549 1556 60.0 2.6702372854315586 1.8041452908567954 32.827532279915594 0.737222724989237 0.006951736286282539 0.04217364266514778 0.0 1.1914846785366535 0.09765787098196417 12.493481069566576 0.40630169161933166
380 2132.1460633121364 2067.4776694399725 176.1277736426345 20.155452569173626 2097 2162 2042 2099 2369.0 13.442735432664712 8.987141007680647 22.56413353191257 0.7436671797300844 0.004374788608402014 0.602707028388977 0.0 170.00723856920376 0.7206614856386634 220.68811032971828 1.1639285697475317
381 2108.1429880066626 2087.2532655563336 176.12798673802808 20.155617341538086 2095 2121 2073 2104 458.0 6.777148129754492 5.546732204264966 58.982500957062825 0.5745829436338723 -0.00011215181439183652 0.07909128069877625 0.0 15.828471563669154 0.27771622157904663 49.132862483992405 0.860699185279551
382 2129.1253365059456 2096.387623623016 176.12780048846807 20.155693482380926 2105 2152 2083 2110 832.0 9.502486590686601 6.1256383187833725 -12.639963969743615 0.7644902397345885 0.003829535562545061 0.09881976246833801 0.0 38.709055304992944 0.39037799727921946 76.49091946146316 inf
383 4588.291838866781 2151.447203611854 176.10597056114437 20.15615344077815 4574 4600 2134 2166 518.0 8.017468837037663 5.564558166733065 -78.60180921492643 0.7199227213352718 0.009586440399289131 0.09805026650428772 0.0 22.733071922324598 0.3305799007181021 207.59637688574279 2.2924993081176286
384 4605.125201561312 2190.0160759318983 176.10582112768583 20.156474846469507 4551 4658 2132 2248 8372.0 24.037145820031142 22.702322527664144 -50.22524443786122 0.3286025082612714 0.0012865990865975618 0.5387374758720398 0.0 431.7112459531054 1.3885602743161216 1149.5596247795072 inf
385 4558.63190334471 2182.439870892288 176.10623384950932 20.1564117153961 4545 4571 2169 2198 521.0 8.080224315053735 5.098993796869747 -43.59330578182332 0.7757453563048909 0.010577784851193428 0.10323258489370346 0.0 20.138632114976645 0.32284834320780575 214.74921702123845 1.9013072960185406
386 5499.175478973665 2509.397028671171 176.09788447143274 20.159136090895217 5478 5515 2502 2519 411.0 7.983333305440419 3.6524561472229937 -3.4224514145729255 0.8892043903648756 -0.025175876915454865 0.2624562382698059 0.0 19.722577798442217 inf 28.94096385100381 inf
387 5510.2476942369185 2516.886084726042 176.0977861776748 20.159198494200016 5498 5519 2506 2525 249.0 4.687369736853963 3.83386010556226 -22.189265658097582 0.5753420827572072 -0.017542662099003792 0.2874717712402344 0.0 18.804475844768604 inf 21.177508717010177 inf
388 3165.7475212845916 2570.101877167279 176.1185987105226 20.15964190451559 3156 3177 2564 2576 240.0 5.695356010762148 3.12611038181206 -3.3687651704713715 0.8358961569683031 0.007723871152848005 0.07071678340435028 0.0 6.473731825593859 0.19741521117591804 30.467354054128418 0.6996623130500306
389 3148.817768398545 2571.112171112996 176.11874899965744 20.159650314342265 3142 3155 2565 2577 149.0 3.6550513644400877 3.1556888498418534 -9.126464303409291 0.5045586339739112 0.007763049099594355 0.04739456623792648 0.0 3.820374510716647 0.15827282333569778 17.595399921018153 0.5272141752443654
390 3133.6682378779274 2573.294291942608 176.11888348614278 20.159668490260774 3124 3142 2569 2577 129.0 4.7837479564402425 2.0428264317909175 -7.280328980361189 0.9042352318842177 0.0060101402923464775 0.044709961861371994 0.0 3.4476947458460927 0.1443320629457528 17.591917730792623 0.5353438020762805
391 8190.744618008303 2792.6463225107113 176.07399048541083 20.161493561344404 8171 8211 2760 2821 1660.0 12.066630442592134 8.705131433676895 81.9590457944036 0.6924958089453196 -0.004611526150256395 0.14610236883163452 0.0 47.67872224084567 0.49957273310216954 88.21780171350842 1.1530589851888915
392 8192.997583871085 2821.1108709622586 176.07397043384037 20.161730762050315 8184 8202 2814 2828 201.0 4.370438129240964 3.646152730638332 4.354434382007001 0.5513466601964797 0.005624521989375353 0.03360695019364357 0.0 3.7430782155133784 0.16555713439861655 21.719081652627146 0.6393905058000159
393 2064.443633215865 2771.606875278803 176.12837541023444 20.1613202426757 2062 2067 2770 2774 20.0 1.4190569404008977 1.1296645868218953 10.056900802159609 0.6052083306142099 0.009302291087806225 0.05513196438550949 0.0 0.5773825822398067 0.05561854310074836 2.169553689030256 0.17956710342403223
394 2070.399801612635 2773.981939768189 176.12832253827796 20.16134004103446 2067 2073 2771 2778 43.0 2.1283680960547784 1.5770296833785098 55.401167856459985 0.6715522429321242 0.005669334903359413 0.05669257417321205 0.0 1.067048660479486 0.08444052508250958 4.352683121573266 0.29003945597853875
395 1918.8927204546155 2827.2864697019913 176.1296675715971 20.161784083872874 1900 1938 2815 2840 752.0 9.084460178673254 5.730064441246821 -12.907453846818541 0.7759824215711641 0.0020528873428702354 0.10444769263267517 0.0 19.23179102106951 0.34096548441593305 49.79612125140558 0.9701904978007825
396 1911.7080064190623 2844.0580279465635 176.12973137221783 20.16192383892764 1907 1916 2840 2849 61.0 2.4975519198037257 2.0508104274046812 49.923998509152845 0.5707437283824779 0.008398747071623802 0.03250322863459587 0.0 1.260068683885038 0.09379723399980426 11.171693578081959 0.40227493495335587
397 1922.285795894221 2843.2568278441986 176.12963746892686 20.16191717390386 1915 1931 2838 2849 115.0 4.75097319636196 2.110985639727884 -23.23929645970421 0.8958646785372805 0.0048813666217029095 0.04907090589404106 0.0 2.354833846911788 0.1282912498113535 15.81499499309115 0.5308534049065893
398 7319.078976815021 2901.0877836103273 176.08172836165568 20.162398545196602 7301 7340 2889 2916 744.0 8.428562147070359 5.6698463868123605 -14.582077326808738 0.7399204492892826 0.00035294084227643907 0.12338318675756454 0.0 24.525133409391856 0.3534569976126231 47.17596406577877 inf
399 7341.064732846619 2905.076857968341 176.08153318104098 20.162431758713936 7328 7352 2894 2915 328.0 6.078435811860919 4.009629709046697 -44.68906775262515 0.7515744480024676 0.004599579609930515 0.05221301689743996 0.0 8.899548025801778 0.22587247873473432 18.416922832984987 inf
400 7188.776364224977 3225.7842496203284 176.082884671224 20.165104514790873 7180 7198 3217 3235 207.0 5.516317460636138 2.6714052278655345 40.716336627571486 0.8749167826935055 0.0001727598428260535 0.06447131931781769 0.0 5.451559897599509 0.17819655678907026 15.864819214207568 0.5490435956722031
401 7197.4462499886595 3240.125141138601 176.08280768526666 20.165224011389792 7193 7202 3232 3248 116.0 3.850162209679122 2.2119314030190673 77.18416433674557 0.8185021726784834 0.0031330131459981203 0.07206358015537262 0.0 3.1332732380833477 0.1405489940350482 10.815881268166684 0.43677594865210934
402 4509.036760082892 3421.275693120927 176.1066740358781 20.166735349864553 4497 4522 3400 3436 568.0 8.674454596273835 4.289162866879321 65.57480092485295 0.8692009060322027 0.008966749534010887 0.15545885264873505 0.0 26.283104215748608 0.34737025969778773 53.599268503497285 inf
403 4524.742164331325 3430.3653382110956 176.10653460918095 20.166811096020734 4522 4528 3428 3433 34.0 1.7987700741570374 1.4406220481918381 -9.911438451137164 0.5988077163038451 0.0025644772686064243 0.13652873039245605 0.0 1.3316367585211992 0.08480869843244944 7.089624318053556 0.30652441000007874
404 4313.34653845875 3478.72320189343 176.10841129525434 20.167214080914327 4260 4363 3432 3524 6239.0 22.64451991428821 18.623699376921294 30.45811962220844 0.5688556709199453 -0.0022038675379008055 0.3943110406398773 0.0 280.32258363836445 inf 959.7354266246539 inf
405 4356.933564138467 3480.6944458589946 176.10802434641587 20.167230509017763 4345 4368 3471 3492 289.0 6.10126802527178 3.9943688968580613 28.59474817449481 0.7559074569897392 0.012726875953376293 0.07479716837406158 0.0 10.182253471575677 0.23942287989384295 135.66776934296962 1.0910806594709805
406 4331.396202431407 3520.278956234484 176.10825105843313 20.16756037940787 4321 4340 3515 3527 181.0 5.032542269005992 2.9383024918073244 11.163896665489249 0.8118540214784713 0.013607102446258068 0.07964074611663818 0.0 6.337924026884139 0.9946029511653434 89.93237830705235 inf
407 4308.993004767346 3522.2889242312344 176.1084499459348 20.167577128441582 4302 4314 3518 3527 86.0 3.1489780357158748 2.2321393054425864 -8.761509310449311 0.7053636503223674 0.011773472651839256 0.06644786894321442 0.0 2.7601307537406683 inf 43.461716120598986 inf
408 4321.336344497303 3525.0897747715962 176.10834036634304 20.167600469275378 4315 4329 3519 3531 124.0 4.029113635388233 2.377560468946794 34.34631297520952 0.8073336969040525 0.007808964233845472 0.06591489911079407 0.0 4.288013098295778 inf 58.929245108420965 inf
409 5122.181273151102 3646.804817805187 176.10123071287074 20.168614643121284 5112 5134 3636 3658 344.0 5.0618581780403265 4.45624944068232 68.20402187376706 0.4743090361745372 -0.003130184719339013 0.19084545969963074 0.0 17.365822528954595 0.2809829422132624 29.962820882561104 inf
410 5165.615320726536 3649.359362274355 176.10084511768423 20.168635916420047 5155 5175 3643 3656 226.0 4.860271726203775 3.091997061396826 -17.32861542537414 0.771542470609718 0.0020434223115444183 0.10829032212495804 0.0 8.81587558472529 0.21434714483839015 34.46099779104844 1.0410179893596674
411 5141.359154433107 3662.1791893155037 176.1010604520033 20.168742756551378 5129 5159 3645 3676 738.0 6.7089968292085 5.414492452269912 21.824794764499764 0.5904838057202546 -0.009964018128812313 0.9405205249786377 0.0 73.67563123255968 0.4602176827202124 91.48925395676929 0.6876129819249713
412 5124.715565281003 3664.162156387906 176.10120820814973 20.168759286779938 5116 5134 3653 3676 242.0 5.090887150160443 3.193993784433962 73.1117800637856 0.7787017027898404 0.004444442689418793 0.19983237981796265 0.0 15.848292256705463 0.23779785127513103 32.929289857938926 0.5788468123575166
413 7324.807229655721 3803.5516738183424 176.08167625370712 20.169919069196272 7323 7326 3800 3807 25.0 2.1483746969876973 0.9177968961065174 85.2778406475392 0.9041546856678598 0.00854028481990099 0.026878532022237778 0.0 0.4600229347124696 0.061270325267406986 5.896122645641899 0.264276864433991
414 7326.342867716209 3812.7551632964482 176.0816626078492 20.1699957629267 7324 7329 3808 3817 45.0 2.7677540716301645 1.3007911764928224 74.4200292262644 0.8826766567290234 0.006850330159068108 0.03356938436627388 0.0 0.920166214928031 0.08149671033127959 8.681450555612761 0.34590860072723434
415 1686.6556342108602 3900.620529036979 176.13173058777193 20.17072826595635 1637 1729 3859 3945 5388.0 18.983454776730124 15.50635127042301 -24.994415874168723 0.5768713008644788 -0.001022890442982316 0.641899049282074 0.0 259.98067023034673 1.0008473656829258 380.9243794260842 1.8533479447436434
416 1661.7119543989686 3934.894078831442 176.13195207749902 20.17101384867955 1645 1678 3922 3950 599.0 7.687169322695 5.498789082315717 39.325666328304514 0.6987966202670796 0.003868216648697853 0.06438460946083069 0.0 19.28266313392669 inf 72.12205079524499 inf
417 1681.8497729708158 3950.1631933842414 176.13177331697543 20.171141115664348 1672 1694 3944 3955 173.0 4.819890488057742 2.76400819387215 9.455163674983543 0.8192344627823929 0.00468437047675252 0.04847313463687897 0.0 3.6885715913958848 0.15721117083493977 27.168535491112074 0.6274409463837771
418 2339.901609435884 4018.5245293639887 176.12593130568942 20.17171149060315 2332 2346 4011 4027 147.0 3.9992332361676537 2.8036689743391583 54.146734244706145 0.7131105199731028 0.006239523179829121 0.045686814934015274 0.0 3.591388468630612 0.1609465168135323 19.495280441429088 0.581575404949668
419 2328.089955858951 4032.9479518375515 176.1260361821378 20.171831674969244 2317 2341 4018 4049 445.0 7.634798091719677 4.158868435561582 -53.66621065404564 0.8386144763003434 -0.005289813503623009 0.07813102006912231 0.0 12.396517345216125 0.2683761673514533 42.41816405952888 0.8963589495782103
420 2314.86626997644 4055.059236371935 176.12615360217754 20.17201592348237 2308 2322 4046 4063 194.0 4.538634649540777 2.9813956297603346 -56.43018646434743 0.7539841370731264 0.009574249386787415 0.07368290424346924 0.0 5.388610386289656 0.17943146955620307 19.061635402837567 0.5847931628600713
421 4756.340764847948 4266.381812189627 176.1044784259226 20.17377787411774 4753 4760 4262 4271 63.0 2.451182864611491 1.8308690843024922 -66.78129817887773 0.6648994420226062 0.0018658185144886374 0.12335041910409927 0.0 2.387714520213194 0.11075374495167141 6.730985940720716 0.32511757820259946
422 4748.985343929918 4280.5300443288525 176.1045437248647 20.17389577723888 4740 4757 4271 4289 252.0 4.984488428737914 3.4152885717639934 -43.28616989757259 0.7283706141485703 -0.010477308183908463 0.10384590178728104 0.0 9.69483681221027 0.22849200341581657 21.174722384207758 0.6115619225224571
423 1615.6962022319701 4391.763504362052 176.13236119895592 20.174821037160417 1607 1626 4385 4402 205.0 4.737630798944332 3.045305038147575 -32.568903828581 0.7660418463872946 0.003100909758359194 0.07523247599601746 0.0 7.0769610311836 0.18172835863388287 13.387578592092204 0.4479334194302627
