Data/Catalogs/F814W_Catalog.ecsv
# %ECSV 1.0
# ---
# datatype:
# - {name: label, datatype: int64}
# - {name: xcentroid, datatype: float64}
# - {name: ycentroid, datatype: float64}
# - {name: sky_centroid.ra, unit: deg, datatype: float64}
# - {name: sky_centroid.dec, unit: deg, datatype: float64}
# - {name: bbox_xmin, datatype: int64}
# - {name: bbox_xmax, datatype: int64}
# - {name: bbox_ymin, datatype: int64}
# - {name: bbox_ymax, datatype: int64}
# - {name: area, unit: pix2, datatype: float64}
# - {name: semimajor_sigma, unit: pix, datatype: float64}
# - {name: semiminor_sigma, unit: pix, datatype: float64}
# - {name: orientation, unit: deg, datatype: float64}
# - {name: eccentricity, datatype: float64}
# - {name: min_value, datatype: float64}
# - {name: max_value, datatype: float64}
# - {name: local_background, datatype: float64}
# - {name: segment_flux, datatype: float64}
# - {name: segment_fluxerr, datatype: float64}
# - {name: kron_flux, datatype: float64}
# - {name: kron_fluxerr, datatype: float64}
# meta: !!omap
# - {date: '2025-03-07 10:18:55 CST'}
# - version: {Python: 3.12.5, astropy: 6.1.2, bottleneck: null, gwcs: 0.21.0, matplotlib: 3.10.0, numpy: 1.26.4, photutils: 1.12.0, scipy: 1.14.0,
#     skimage: 0.24.0, sklearn: 1.5.1}
# - {localbkg_width: 0}
# - {apermask_method: correct}
# - kron_params: !!python/tuple [2.5, 1.4, 0.0]
# - __serialized_columns__:
#     area:
#       __class__: astropy.units.quantity.Quantity
#       unit: !astropy.units.Unit {unit: pix2}
#       value: !astropy.table.SerializedColumn {name: area}
#     eccentricity:
#       __class__: astropy.units.quantity.Quantity
#       unit: !astropy.units.Unit {unit: ''}
#       value: !astropy.table.SerializedColumn {name: eccentricity}
#     orientation:
#       __class__: astropy.units.quantity.Quantity
#       unit: &id001 !astropy.units.Unit {unit: deg}
#       value: !astropy.table.SerializedColumn {name: orientation}
#     semimajor_sigma:
#       __class__: astropy.units.quantity.Quantity
#       unit: !astropy.units.Unit {unit: pix}
#       value: !astropy.table.SerializedColumn {name: semimajor_sigma}
#     semiminor_sigma:
#       __class__: astropy.units.quantity.Quantity
#       unit: !astropy.units.Unit {unit: pix}
#       value: !astropy.table.SerializedColumn {name: semiminor_sigma}
#     sky_centroid:
#       __class__: astropy.coordinates.sky_coordinate.SkyCoord
#       dec: !astropy.table.SerializedColumn
#         __class__: astropy.coordinates.angles.core.Latitude
#         unit: *id001
#         value: !astropy.table.SerializedColumn {name: sky_centroid.dec}
#       frame: icrs
#       ra: !astropy.table.SerializedColumn
#         __class__: astropy.coordinates.angles.core.Longitude
#         unit: *id001
#         value: !astropy.table.SerializedColumn {name: sky_centroid.ra}
#         wrap_angle: !astropy.coordinates.Angle
#           unit: *id001
#           value: 360.0
#       representation_type: spherical
# schema: astropy-2.0
label xcentroid ycentroid sky_centroid.ra sky_centroid.dec bbox_xmin bbox_xmax bbox_ymin bbox_ymax area semimajor_sigma semiminor_sigma orientation eccentricity min_value max_value local_background segment_flux segment_fluxerr kron_flux kron_fluxerr
[from data line 54]
98 4810.037104601163 2692.75764753822 176.10400202370826 20.160664330311153 4805 4815 2688 2698 93.0 2.542288635581997 2.336470709768462 26.85859153477 0.3941589937674278 0.002777771558612585 0.24634726345539093 0.0 5.61801495635882 0.23626429717871314 6.101336802667306 0.27646101550856855
100 3982.9507458550934 2767.861290416019 176.1113442848017 20.161290196238472 3973 3993 2758 2778 336.0 3.5305305030635283 3.4811619095715276 -65.22509901656426 0.16664674576095725 -0.004670877940952778 2.9536850452423096 0.0 60.90851736992772 inf 62.66402365773814 inf
101 4945.514714813784 2781.93269383341 176.10279933256282 20.161407426266173 4937 4953 2775 2788 145.0 4.499053093204129 2.4173500076714807 -33.721698926088 0.8433899529431272 0.007417685817927122 0.11883463710546494 0.0 5.637339286971837 inf 21.839272192934438 inf
102 4977.7221449178805 2795.3817298297304 176.10251341427173 20.161519493371625 4974 4981 2792 2799 51.0 2.057262815829185 1.7543745295678876 -39.26100201571386 0.5222846345605242 -0.015790259465575218 0.1993553787469864 0.0 2.5777566274628043 inf 3.96137373387877 inf
103 5895.934401672396 2797.7314087810423 176.0943621747917 20.161538646402875 5893 5899 2794 2801 47.0 1.9984534230584559 1.7521341563592119 -82.0313423195782 0.4809554121679697 0.0094160670414567 0.056205712258815765 0.0 1.5112908771261573 0.09104435656163933 4.253596931433048 0.31327314551023594
104 1918.9061666706248 2806.8173136947325 176.1296674282342 20.161613507608543 1917 1921 2806 2808 11.0 1.2616984146907837 0.6707043526933402 13.241259445795247 0.8470027622907943 0.018543116748332977 0.03122876025736332 0.0 0.26324858516454697 0.04002385208537159 3.5445174238704547 0.17912165612773234
105 4122.510489060524 2835.5504857318556 176.11010538267846 20.161854293803408 4118 4127 2832 2839 61.0 2.410163848662013 1.8997542256033104 -8.723638130135818 0.615385652202923 0.01154336892068386 0.07767123728990555 0.0 1.9278444815427065 0.10426627826610746 5.42703615137383 0.31948911723770385
106 5191.119292688343 2901.1830149122607 176.10061898537833 20.162401104783026 5181 5201 2892 2911 211.0 6.35888122391411 2.413530642652383 40.64183404346418 0.9251701115858704 0.004769979044795036 0.07039954513311386 0.0 6.921661564614624 0.19947048311371757 15.458729627602626 0.9819120475316324
107 5666.995788181621 2896.765411268264 176.09639446982627 20.162364071434066 5664 5670 2894 2900 33.0 1.563400989952611 1.5527804905867566 -3.5626783833968454 0.11636261088625091 0.012930012308061123 0.09049831330776215 0.0 1.4880521669983864 0.08030100338157362 2.225286343377188 0.1591404781551529
108 7497.987119222715 2907.845372001132 176.0801401233058 20.16245461811084 7495 7501 2905 2911 42.0 1.818005932216163 1.72866507676944 -53.57463186140666 0.30962798734068564 0.004407984670251608 0.054739952087402344 0.0 1.0715020503848791 0.07915439805631645 3.6323297078410417 0.25834662780322903
109 8312.587146728742 2935.966449293625 176.0729085876322 20.162687686088326 8310 8315 2933 2939 31.0 1.7688230741512307 1.3359761084113568 74.29513613137044 0.6553896089760656 0.011218474246561527 0.04187331348657608 0.0 0.8778233109042048 0.06874331781932282 4.1308188600924645 0.25246450142675914
111 5064.891419665601 2989.962285277253 176.1017395249373 20.163140973441802 5063 5067 2988 2992 20.0 1.5340165162850317 0.9940269234278161 -41.98909884213907 0.7616490863549642 0.008657917380332947 0.06283174455165863 0.0 0.7857121732085943 0.06460433490419532 3.172759951377045 0.22045916432523752
112 1399.5112849264854 3045.783634777095 176.13427858911643 20.163604262046775 1397 1402 3043 3048 28.0 1.4721252988248401 1.4550118700940204 0.893480686537193 0.15203559436592326 0.013858810998499393 0.035033270716667175 0.0 0.6820671558380127 0.08990299866002117 3.087258055720686 0.2412487145274661
113 6826.656598854697 3150.3681515879784 176.08609947457109 20.16447646924417 6823 6830 3144 3156 84.0 3.178318833369653 1.9962571880650213 83.42262242000781 0.7781440256800324 0.008607483468949795 0.044860757887363434 0.0 2.097955385223031 0.11440217466592555 8.727578051270344 0.4083251468283938
114 7602.11227700014 3155.3213590342325 176.079215391527 20.16451677125037 7598 7606 3151 3159 59.0 2.0369393797580613 1.9430848868306032 -57.08050763379277 0.30004907306251644 0.002505658892914653 0.17090019583702087 0.0 2.1512260518502444 0.09756171694347578 2.723420685569411 0.17648047064762593
115 6931.8957407103335 3172.488792809153 176.08516519175976 20.16466069131667 6929 6936 3169 3177 45.0 2.2672815096378427 1.5945161723188284 -50.53460703595889 0.7109206285613721 -0.004268712364137173 0.03261154145002365 0.0 1.043316338211298 0.08528114723671484 6.615666543397049 0.3296709560130741
116 1538.5099282276278 3180.0111866730663 176.13304482294478 20.164723005557352 1536 1541 3177 3183 34.0 1.8025830017342315 1.4068270931830509 62.3378781533744 0.625217376198535 0.011433328501880169 0.0478789322078228 0.0 0.9773033270612359 0.07201639516899282 3.093174233045266 0.2306235162486963
117 5128.205002222529 3179.3998277796927 176.10117739965102 20.164719599665624 5127 5129 3179 3180 5.0 0.7718345341108209 0.44713449800443833 18.544767371458374 0.8151045144020778 0.002469148952513933 0.16169534623622894 0.0 0.4104280364699662 0.04102172888452728 1.3126557953301279 inf
118 4247.752597686226 3202.574048588104 176.10899359438554 20.16491283481493 4244 4252 3198 3207 69.0 2.169224777520904 2.0937803463754743 83.91389622579827 0.2614369480493824 -0.006747038569301367 0.1847677230834961 0.0 3.6146109337860253 0.1249484687585807 4.203815309061979 0.20776324072919358
119 2051.9842359424774 3222.5654401996776 176.1284865160002 20.165078217393578 2044 2060 3213 3232 262.0 4.716242763685681 3.629108647959935 57.491955405315515 0.6386570711080358 0.002183128148317337 0.08155573159456253 0.0 9.137877916451544 0.23259674379882012 15.165361316477357 inf
120 4178.50738190976 3265.919599801927 176.1096083241034 20.165440708933147 4176 4181 3264 3268 22.0 1.6094863882608565 1.0611240438573821 38.445114477540216 0.7518856126886769 -0.0007965529803186655 0.060796450823545456 0.0 0.6540697307791561 0.06532585581028869 6.002885540047194 0.2669464215244613
121 1303.7870531370293 3328.324589518683 176.135128785916 20.165958640207702 1298 1310 3322 3335 144.0 3.25274247125272 2.9203330833067813 74.70355326672109 0.44039031174774607 -0.0026528225280344486 0.08683865517377853 0.0 4.561759027768858 0.15131054104038677 15.324289670296624 0.4685248167280537
122 1312.5001337077595 3348.45125681153 176.13505146455955 20.166126374366392 1309 1317 3342 3356 98.0 3.8617482857641434 1.9552297448563065 -78.23545148833865 0.8623533720562518 0.007824304513633251 0.03781465068459511 0.0 2.107080197893083 0.12227072521876085 21.195111546529347 0.5089514485667961
123 7465.453950151233 3359.0884442890083 176.08042827314875 20.16621502126054 7459 7472 3351 3367 193.0 3.7084038233448764 2.918242683800549 65.61121643448283 0.6170462473706655 -0.0004298381390981376 0.2722962200641632 0.0 8.844404460920487 0.18604453455826214 10.938063427516596 0.31014061386255737
124 7171.119133948889 3354.0916958560197 176.08304125392493 20.16617376530954 7169 7173 3352 3356 22.0 1.335055632660078 1.2133760997275784 45.48597011510776 0.41710548955636145 0.01688620075583458 0.08520878106355667 0.0 0.8729224428534508 0.062240993414857095 1.4357241670079195 0.12353477591570923
125 5953.154826364849 3369.1646278095877 176.09385378871573 20.166300550524262 5948 5959 3362 3376 140.0 3.2748181249868606 2.6222514260014824 -88.64342911474715 0.599022855957988 -0.00668253842741251 0.1738041192293167 0.0 6.68610594375059 0.16515996011288198 8.296678898009379 0.2632836602314438
126 4114.293731289255 3375.677128393493 176.1101783961141 20.166355348011795 4109 4119 3372 3380 69.0 3.0381731010316106 1.7232129084098027 28.98024055331823 0.8235888991990994 0.01182309165596962 0.05563042685389519 0.0 2.3426904641091824 0.11423355042458797 9.579047827664652 0.3975302203692095
127 3209.98291504864 3390.196362213602 176.1182064839513 20.166476048500954 3207 3212 3387 3393 32.0 1.8829908937095292 1.303500784696531 -67.12130436109202 0.721657597890497 0.017963964492082596 0.06188618019223213 0.0 1.0334926135838032 0.074105683505873 3.574124323547852 0.23288077172218874
128 4324.100942172453 3424.957174862187 176.1083158201006 20.16676603103943 4320 4328 3422 3428 51.0 2.3942274042489413 1.6746026933810028 30.19332383407273 0.7146977489997309 0.008507109247148037 0.06472040712833405 0.0 1.7298658760264516 0.09870583702717907 24.6972585150787 0.4445985790080633
129 2430.4463575219856 3460.910912972913 176.12512694263512 20.167064791559252 2406 2455 3424 3498 2772.0 12.445510236917542 8.373083242272013 89.35532059178799 0.7398431205326753 0.0015766604337841272 1.3975954055786133 0.0 219.29239964997396 0.8156105119889234 264.48608543313185 1.1282043551432288
130 2378.5014871999665 3468.4856673240342 176.1255880959855 20.167127868588757 2377 2380 3467 3470 14.0 1.1854013602523235 0.8813273216226534 -44.940986676208425 0.6687533694982365 0.009189572185277939 0.03997320309281349 0.0 0.38878170400857925 0.04712853740665336 2.800064656706124 0.1771970727780126
131 2827.1030745047515 3493.5763048600156 176.12160560451943 20.167337314185623 2820 2834 3487 3501 173.0 3.593618450823095 3.3236643048621706 42.610235420816764 0.38026013738095443 0.006155577953904867 0.08595306426286697 0.0 5.643034934066236 0.18409039327693683 12.311934015335321 0.4737975098081385
132 7952.587835673828 3493.9378299596738 176.0761034865589 20.167338046328975 7949 7956 3492 3496 33.0 1.970245092196598 1.2882643899121002 9.495841444476879 0.7566155855214652 0.010072141885757446 0.03295876085758209 0.0 0.7038439651951194 0.06823840157041815 4.946952656178512 0.2691787300575039
133 4313.092978296691 3531.6365759716778 176.10841354820258 20.167655025683008 4312 4314 3530 3533 11.0 1.0849230774647884 0.7651994329488512 -74.9985348868948 0.7089060354286458 0.021751433610916138 0.04429010674357414 0.0 0.380379568785429 0.06093168377736683 5.531246223837043 0.23052443042844786
136 6658.4475078197365 3590.111716897984 176.0875922707123 20.16814117476066 6652 6665 3583 3597 169.0 3.3793683247405712 3.038023195228983 -72.86999220023253 0.4379661990485016 0.0014364797389134765 0.14464505016803741 0.0 7.2496546391630545 0.1738637427043382 9.52974535160719 0.31580698431176396
137 2000.4213993049632 3631.9898127153497 176.12894472891014 20.168490032610407 1996 2005 3627 3637 87.0 2.4306977347316017 2.268298097220965 80.51401149414991 0.35938843819814636 -0.0018691383302211761 0.20970360934734344 0.0 3.8736188042094 0.12721059071195695 4.447683420805599 0.18220872563702317
138 5220.5451243017105 3642.64301056513 176.10035747019612 20.168579927192706 5195 5243 3631 3657 936.0 11.541594541625905 5.189248135043927 6.877914263852691 0.8932235830337598 -0.006207199301570654 0.1942041516304016 0.0 48.60400447284337 0.4590448707549853 72.17744039185557 inf
139 1663.9737785258249 3649.938221907882 176.13193162884556 20.168639219512876 1659 1668 3647 3653 49.0 2.2618694295639217 1.6056009375433675 -2.2581423438837995 0.7043471204965158 0.010961351916193962 0.054352566599845886 0.0 1.505004845559597 0.08770821764622902 3.888352324399056 0.26076143496623744
140 2227.2367475407364 3668.338297603636 176.12693117044014 20.16879316649922 2224 2230 3665 3671 36.0 1.6917507905924014 1.5680361662747788 24.13172407471319 0.3753779351701897 -0.006061019375920296 0.07341203093528748 0.0 1.3098689634352922 0.07883222553644259 2.920034161343075 0.21387090741469225
143 8121.510998728364 3720.7850776298114 176.07460344933423 20.169228165497124 8115 8127 3716 3726 100.0 3.386723252744958 2.317755926426036 31.57058243051212 0.7291392976136352 -0.007178233936429024 0.04680102318525314 0.0 2.4706051759421825 0.15718740270993292 9.749067487285075 inf
144 2294.435251971806 3730.970184787855 176.1263346642274 20.169315162566473 2289 2300 3724 3738 140.0 3.5165742048293622 2.6748332920003692 -89.81872931953298 0.6491784976969343 0.0022888388484716415 0.08824478834867477 0.0 5.138173965737224 0.15785991161294835 9.21711830171099 0.37047817000469513
145 8046.850612126235 3729.460431038946 176.07526624887265 20.169300582876954 8045 8048 3728 3731 13.0 1.0835975135575457 0.9291079160288448 75.73578206266403 0.514602308535278 0.01742072030901909 0.048601094633340836 0.0 0.3468966521322727 0.047417107128854045 2.371092660018345 0.1733362334210935
146 2121.217330349236 3751.9612540519934 176.12787246954122 20.169489919823167 2118 2124 3749 3755 42.0 1.7775881452091473 1.67891163299811 63.613129506056396 0.32854436037965457 -0.003728777403011918 0.15348070859909058 0.0 1.6959194620139897 0.08573335281926595 2.6376485411992925 0.18927517581191178
147 5861.130966788676 3788.9338935476435 176.09467044346806 20.169798689736698 5858 5864 3786 3792 43.0 1.8213500433749987 1.6779358053443756 47.54363377202065 0.38894878996391763 0.0072206915356218815 0.13297134637832642 0.0 1.8517789519391954 0.09099824199399861 2.8224817758194245 0.1972447018807483
148 2760.1526429078967 3801.8689817056247 176.1222002035858 20.16990637213018 2754 2767 3793 3811 163.0 4.870268659228059 2.3445231964771587 -63.08869033955186 0.8765037429579218 0.005450601223856211 0.07814406603574753 0.0 5.632584081497043 0.1677974891179446 9.92759688854029 0.3814255199949338
149 5716.468983822422 3814.341960931854 176.0959547022234 20.17001051369616 5711 5722 3808 3820 117.0 2.671852750952573 2.5553158423942355 85.41534720209083 0.29211407317087307 -0.004653650335967541 0.3805449604988098 0.0 6.862430940946069 0.158739287111699 7.388323541530476 0.22236508582023948
150 2616.7605118469687 3811.395538257418 176.1234732137493 20.169985651449473 2614 2619 3809 3814 27.0 1.4716038529066426 1.3801878608391807 -33.50718917193623 0.3469597318688793 0.005622332450002432 0.07233498245477676 0.0 0.9599240855313838 0.07194208425114026 2.6474797509184493 0.20332808871984798
151 7328.90592104726 3828.643449192332 176.08163983149518 20.170128161942827 7328 7330 3827 3830 11.0 1.079313829336488 0.7637560405358462 74.8959352656027 0.7065820656594662 0.016412103548645973 0.03646313399076462 0.0 0.2777687646448612 0.040513128396823195 2.1914260250924147 0.16247525043362504
152 6019.450887201408 3933.7294560308724 176.09326480490716 20.17100521012731 6010 6029 3924 3944 322.0 3.535958620761577 3.46785540233297 66.1027660437649 0.1953187547621624 -0.0011726804077625275 1.8982012271881104 0.0 50.43226885886543 0.34122598365091117 52.107124052162874 0.37166989180175924
153 1725.9778496624335 3970.814157904106 176.13138158116416 20.171313259802563 1722 1730 3967 3975 63.0 2.4418799334750463 1.8724400130094634 44.385538672878965 0.6418829256773497 0.004071079194545746 0.05882870405912399 0.0 1.753121720161289 0.09967763513066936 5.128297620589911 0.298721642007723
154 7248.403328077568 3979.804060342711 176.08235431084867 20.17138793745495 7241 7256 3972 3987 206.0 3.0828455144553075 3.0211591092227317 80.91616824741709 0.19904459825223855 -0.004228353966027498 1.1065977811813354 0.0 18.523344428249402 0.22742576562428207 19.12993000034647 0.26351386962042145
155 4399.833046070266 4001.4003785353125 176.10764349890528 20.171569725315717 4385 4413 3987 4015 603.0 3.889858104028266 3.8204575543061097 -32.08348896207389 0.18805451947422652 0.0011403345270082355 12.88402271270752 0.0 211.57139227399603 0.6371147952561704 210.80464229641137 0.6326502541922595
156 4636.093297965776 4022.260293602598 176.10554601013555 20.171743544513028 4631 4641 4017 4027 96.0 2.473181387750288 2.349656410768975 44.20953807248102 0.31208489508539816 -4.569831071421504e-05 0.3904997408390045 0.0 6.28772370837396 0.15257634955915303 6.62352347853325 0.20806371444150146
