Data/Catalogs/F814W_Catalog.ecsv
# %ECSV 1.0
# ---
# datatype:
# - {name: label, datatype: int64}
# - {name: xcentroid, datatype: float64}
# - {name: ycentroid, datatype: float64}
# - {name: sky_centroid.ra, unit: deg, datatype: float64}
# - {name: sky_centroid.dec, unit: deg, datatype: float64}
# - {name: bbox_xmin, datatype: int64}
# - {name: bbox_xmax, datatype: int64}
# - {name: bbox_ymin, datatype: int64}
# - {name: bbox_ymax, datatype: int64}
# - {name: area, unit: pix2, datatype: float64}
# - {name: semimajor_sigma, unit: pix, datatype: float64}
# - {name: semiminor_sigma, unit: pix, datatype: float64}
# - {name: orientation, unit: deg, datatype: float64}
# - {name: eccentricity, datatype: float64}
# - {name: min_value, datatype: float64}
# - {name: max_value, datatype: float64}
# - {name: local_background, datatype: float64}
# - {name: segment_flux, datatype: float64}
# - {name: segment_fluxerr, datatype: float64}
# - {name: kron_flux, datatype: float64}
# - {name: kron_fluxerr, datatype: float64}
# meta: !!omap
# - {date: '2025-03-07 10:18:55 CST'}
# - version: {Python: 3.12.5, astropy: 6.1.2, bottleneck: null, gwcs: 0.21.0, matplotlib: 3.10.0, numpy: 1.26.4, photutils: 1.12.0, scipy: 1.14.0,
#     skimage: 0.24.0, sklearn: 1.5.1}
# - {localbkg_width: 0}
# - {apermask_method: correct}
# - kron_params: !!python/tuple [2.5, 1.4, 0.0]
# - __serialized_columns__:
#     area:
#       __class__: astropy.units.quantity.Quantity
#       unit: !astropy.units.Unit {unit: pix2}
#       value: !astropy.table.SerializedColumn {name: area}
#     eccentricity:
#       __class__: astropy.units.quantity.Quantity
#       unit: !astropy.units.Unit {unit: ''}
#       value: !astropy.table.SerializedColumn {name: eccentricity}
#     orientation:
#       __class__: astropy.units.quantity.Quantity
#       unit: &id001 !astropy.units.Unit {unit: deg}
#       value: !astropy.table.SerializedColumn {name: orientation}
#     semimajor_sigma:
#       __class__: astropy.units.quantity.Quantity
#       unit: !astropy.units.Unit {unit: pix}
#       value: !astropy.table.SerializedColumn {name: semimajor_sigma}
#     semiminor_sigma:
#       __class__: astropy.units.quantity.Quantity
#       unit: !astropy.units.Unit {unit: pix}
#       value: !astropy.table.SerializedColumn {name: semiminor_sigma}
#     sky_centroid:
#       __class__: astropy.coordinates.sky_coordinate.SkyCoord
#       dec: !astropy.table.SerializedColumn
#         __class__: astropy.coordinates.angles.core.Latitude
#         unit: *id001
#         value: !astropy.table.SerializedColumn {name: sky_centroid.dec}
#       frame: icrs
#       ra: !astropy.table.SerializedColumn
#         __class__: astropy.coordinates.angles.core.Longitude
#         unit: *id001
#         value: !astropy.table.SerializedColumn {name: sky_centroid.ra}
#         wrap_angle: !astropy.coordinates.Angle
#           unit: *id001
#           value: 360.0
#       representation_type: spherical
# schema: astropy-2.0
label xcentroid ycentroid sky_centroid.ra sky_centroid.dec bbox_xmin bbox_xmax bbox_ymin bbox_ymax area semimajor_sigma semiminor_sigma orientation eccentricity min_value max_value local_background segment_flux segment_fluxerr kron_flux kron_fluxerr
[from data line 108]
158 4800.200814642607 4211.021427602916 176.1040890476271 20.173316530003326 4787 4814 4200 4221 450.0 6.4620459113481825 4.588360367279445 22.574806601711234 0.7041536528859889 -0.008635391481220722 0.10377037525177002 0.0 18.091813873907086 0.29885945608020775 35.53548802859835 inf
159 3703.2019323012696 4233.825606912524 176.11382817079877 20.1735064971155 3695 3711 4225 4242 239.0 3.3668550368902714 3.1770624324711942 82.45083837391851 0.33100467801609385 -0.01699777878820896 1.5564361810684204 0.0 28.43525731371369 0.27680983104442874 29.804026260304106 0.31881810378152037
160 1630.9840783994798 4242.391540384888 176.1322252769207 20.17357628974609 1628 1634 4240 4245 36.0 1.8774900329750472 1.4257553384186235 25.549830603859544 0.6506306240066487 0.015563306398689747 0.05243164300918579 0.0 1.1264211954548955 0.07457947892730901 2.910114845903042 0.21835826344123802
161 6140.286807515022 4298.697674081771 176.09219174101048 20.174046520927963 6119 6161 4276 4322 1385.0 4.455123253854016 4.276770719373708 -77.27295583650728 0.28011356826842687 -0.0047631277702748775 49.863826751708984 0.0 744.137829765119 1.1291874463243148 725.7742070604487 1.0808323345826383
162 3372.0632090294043 4316.784432923085 176.11676805182304 20.174197694921457 3352 3392 4294 4340 1253.0 4.7290771572956904 4.452954035125071 -65.32602381261489 0.33670097172744523 -0.00724303862079978 19.25882339477539 0.0 530.09557008103 inf 517.8490452912072 0.9393312627804027
163 4091.499716294489 4300.502569751794 176.1103808826143 20.174062223711623 4090 4093 4299 4302 12.0 0.9534633613136771 0.9472498291746831 20.253374660804425 0.11397866338275627 0.01597093977034092 0.08220529556274414 0.0 0.47428450733423233 0.04766175119218003 2.486406931146513 inf
164 5958.537550417075 4306.079497951048 176.0938053061974 20.174108170405876 5953 5963 4302 4310 81.0 2.6183990036321734 2.1950554181163584 14.40487265338508 0.5451789724714091 0.008419716730713844 0.07326643168926239 0.0 2.736932980827987 0.11875772430795845 5.14609259822473 0.27628712543555495
165 8002.524110086095 4309.385223706981 176.0756587738604 20.1741333604337 7995 8010 4302 4316 194.0 3.001428455494249 2.9038431558593776 5.098932794789514 0.25292056493089105 -0.003621601266786456 1.2431672811508179 0.0 18.76291837001918 0.26795457953244856 19.692182897250206 inf
166 5374.003130996617 4305.2854449345705 176.0989948078188 20.17410188543366 5373 5375 4304 4306 7.0 0.7530075393953458 0.6960099103721173 0.3359559072970886 0.381650537512967 0.025068430230021477 0.06314881145954132 0.0 0.2960677035152912 0.036920969775991436 1.6965423031826163 0.13576850101470708
167 7734.371990085964 4307.5664668020245 176.0780394332354 20.17411861946415 7732 7737 4305 4310 31.0 1.5319810992535583 1.4646029493251707 62.23325196836868 0.29330493171876776 0.009226484224200249 0.09117361158132553 0.0 1.0622969651594758 0.07005709964931157 1.6176769625127188 0.1345958074697738
168 3530.459180759804 4315.006471554308 176.1153618095633 20.17418294481543 3528 3533 4313 4317 26.0 1.4921113772083343 1.2691426631156453 0.5556112220546979 0.5258645622752951 0.009308235719799995 0.12690332531929016 0.0 1.3882521260529757 0.07410506512328953 2.249078990956473 0.16255867517558437
169 6129.291935918374 4387.600227539211 176.09228928017936 20.174787384054504 6123 6136 4382 4393 117.0 3.8036298063865157 2.174311675780474 -33.00380139475171 0.8205036792693747 -0.002547448966652155 0.0855455994606018 0.0 3.7534489850513637 0.13980831202640476 8.153294608844252 inf
170 3223.1035619406434 4428.080953825991 176.11809057916523 20.17512509342709 3220 3226 4425 4431 40.0 1.8310608266224249 1.594847719061286 48.50261499130026 0.49128907619691226 0.015579561702907085 0.09363094717264175 0.0 1.569723860360682 0.08558526769749777 3.1796873382639674 0.21346754186856146
171 6958.957807974458 4477.797174194128 176.08492335846063 20.17553822942837 6955 6964 4469 4485 137.0 4.108779638786073 2.3393271340772683 79.50077539756344 0.8220963408615887 0.005947890225797892 0.0784943625330925 0.0 4.0681695602834225 0.14804726351181544 7.428600788886789 0.363812004295482
172 3408.669701581101 4494.027158018332 176.11644314144613 20.17567473391422 3405 3412 4491 4497 42.0 1.7570592144274253 1.6991513094481376 8.742117390845227 0.25461420114455374 -0.002907081972807646 0.12557271122932434 0.0 1.8008869984187186 0.08957095741601401 2.6934003761849716 0.1785238562501578
173 1076.516495320366 4508.912387793506 176.13714824592935 20.17579654676034 1071 1082 4504 4514 100.0 2.8652795126457518 2.4364471544505206 33.74557892008211 0.52624192706371 0.007929275743663311 0.06374331563711166 0.0 2.7511144829913974 0.12290617977956204 5.53824192800704 0.30992797437517794
174 1242.5245063557106 4520.632696878157 176.13567442731895 20.175894454854994 1238 1248 4512 4529 140.0 4.306082566309238 2.6142778395461783 -83.61431155337313 0.7946156613693607 0.0021013810764998198 0.0564199760556221 0.0 3.5384393215645105 0.1440231590420203 7.865319737153841 0.40947065546037925
175 1470.4923084977095 4536.88169405312 176.13365052701946 20.17603017116877 1463 1477 4530 4544 176.0 3.060087056366856 2.9075625838020094 41.26545533593487 0.3117723833524537 -0.007881571538746357 0.5673080086708069 0.0 11.841258336164174 0.1970782593508978 12.791326472780431 0.2514652283860682
176 4094.706960297885 4535.045975203855 176.1103524415786 20.176016752512446 4088 4100 4533 4537 45.0 3.3161376758821426 1.1339156502566785 -8.510945605605224 0.9397222768151684 0.0019881990738213062 0.06437788903713226 0.0 1.4028329034335911 0.09108614065311091 7.191147683600487 0.33310351839133184
177 6135.285793792311 4619.491201097358 176.09223587445126 20.17671980411251 6134 6137 4618 4621 14.0 1.0387745040293208 1.0184084838253928 86.94258479975169 0.19704629147054664 0.017192091792821884 0.05609704926609993 0.0 0.4761201646178961 0.051901239602358824 1.720346649603024 0.167059971030197
178 3983.4960962423515 4640.228308266465 176.11133980493835 20.17689325455612 3982 3985 4638 4642 18.0 1.2746128432170933 1.0525991269602863 -88.6468888146851 0.5639356942521919 -0.022655094042420387 0.11907073110342026 0.0 0.9816343182465062 0.06459632307965836 1.825504881953674 0.12796057267297123
179 6027.610346737105 4652.808925792652 176.09319180803297 20.17699753290994 6022 6033 4647 4659 121.0 3.0849562871308986 2.6025739169389506 71.25369846724178 0.5369187333485994 0.004654484800994396 0.13131825625896454 0.0 4.321118839550763 0.1442031780654222 8.362930911468936 0.358257603123741
180 7271.096796118897 4668.082414131355 176.08215190090428 20.17712356083313 7265 7278 4661 4675 152.0 2.855232073903798 2.760454669873951 -66.90374875071477 0.2555126627766915 -0.006161709316074848 0.5307199358940125 0.0 9.499756647855975 0.1758310590442371 9.981201645647085 0.22119263401863637
181 3250.149299140947 4676.225389832915 176.1178505995604 20.17719297758864 3249 3252 4674 4678 13.0 1.272445428740349 0.804906331431648 60.303291979029055 0.7745060637794964 0.022008471190929413 0.06385454535484314 0.0 0.4338104594498873 0.04760439291577065 2.931677014766376 0.1909929198179249
182 5262.185255868147 4680.729583733933 176.0999873724825 20.177230632757833 5257 5268 4675 4686 118.0 2.6269471781287854 2.5479733705365866 59.15228962284591 0.2433559906403256 -0.004883205518126488 0.4700116515159607 0.0 7.788250341429375 0.1632011553867057 8.380209998909505 0.22112300004416632
184 996.5784122392575 4730.964436955797 176.13785830193873 20.17764686084588 994 999 4728 4734 37.0 1.9704888445698066 1.4679883304959591 57.97995417129146 0.6670791205586222 0.008468118496239185 0.037824224680662155 0.0 0.7004528604447842 0.07159190631179385 9.18295976129722 0.32150652338961505
185 7260.912711210863 4759.768917708164 176.08224219215242 20.177887627995673 7255 7267 4754 4765 116.0 3.499787535163644 2.4484835301997396 28.878528661593073 0.7145257016009463 0.004482862073928118 0.0469406321644783 0.0 2.682974469382316 0.1348594668667262 10.067570089768324 0.45113604163674137
186 1301.6714651985405 4774.9970292466605 176.135149686975 20.17801423951738 1300 1303 4774 4776 9.0 1.0548702728567436 0.6505669168050069 -35.96227116737137 0.7871771591732858 0.01841210573911667 0.038002826273441315 0.0 0.2585518676787615 0.03779205419595237 1.907741326411743 0.14681942275541313
187 778.7109347554033 4794.261087534475 176.13979268303416 20.17817399295262 770 787 4784 4804 256.0 5.376052314990136 3.0552810560917094 56.16956116724115 0.822812371926714 0.005891958251595497 0.10160369426012039 0.0 8.689939066767693 0.20428297133942377 18.09488554765607 0.5210919440909172
188 7721.07700480576 4790.597513001763 176.07815670288647 20.178143897400396 7719 7723 4788 4793 25.0 1.548630057813357 1.2460644315377176 57.654894579931195 0.5937850768727188 0.013386515900492668 0.044070009142160416 0.0 0.5942603498697281 0.05957412364833643 2.7533411817895477 0.22224839316433753
189 1052.0445397978606 4820.747512189143 176.13736600435266 20.17839513619329 1050 1054 4819 4823 20.0 1.4044110512952916 1.0839073657775449 42.535822693741196 0.6358801275349467 0.012844600714743137 0.047249119728803635 0.0 0.5699547789990902 0.06273601672542074 3.425098688469662 0.2171745204973248
190 1782.6835353640631 4830.255421260134 176.1308792199858 20.17847533629052 1775 1791 4825 4835 139.0 3.990011312622818 2.3652558848802414 2.522458440110953 0.8053539228918423 -0.0007527846610173583 0.07981603592634201 0.0 4.556738581159152 0.1503756765728805 8.229411206186287 0.363817612602164
191 1251.5194462576897 4839.672669142516 176.13559504438905 20.178553133561394 1247 1256 4834 4845 98.0 2.589433540304635 2.281176460203328 72.27627974692953 0.47319858710111523 -0.0006981362239457667 0.2814573347568512 0.0 4.339607880479889 0.13154850792984898 4.811968928606597 0.1803403724546627
192 6805.256861539347 4837.800424278357 176.08628751658378 20.178538426861785 6799 6813 4835 4840 69.0 3.7441747406305668 1.4271388700251793 0.30819535336352105 0.9245080724302034 0.0069937980733811855 0.052653901278972626 0.0 1.6891588396392763 0.10148734275384731 8.363250657603068 0.3744245925718468
193 4143.72601455948 4851.283176925706 176.10991728168017 20.178652068436225 4139 4149 4846 4856 94.0 2.642822215517021 2.491019179758762 67.62511951498453 0.33403617595838037 0.006123377475887537 0.10847775638103485 0.0 4.067335119936615 0.1419173843346805 8.82930291105542 0.3742735196055641
194 764.0810368748763 4888.879082829818 176.1399227335285 20.17896245253576 748 780 4850 4932 2022.0 13.847110844257733 5.774091222929753 -84.50498859450657 0.9089115881734124 -0.0014731009723618627 0.6897104978561401 0.0 162.90161094267387 0.6815836267321392 181.21596675879343 0.8614023063660826
195 6789.323399630952 4854.432087914722 176.08642895906084 20.178677041131156 6786 6793 4851 4858 49.0 1.8650401572735849 1.807108324517019 -60.924013695891155 0.24730367123279987 0.006781821139156818 0.1432691067457199 0.0 1.8830014113336802 0.09123203241658157 2.247364986181404 0.1560749591611937
196 6667.001438015888 4854.371348082112 176.08751496620454 20.178676662345215 6665 6669 4853 4856 16.0 1.262169273659194 0.9836159143271395 -26.425069564400008 0.6266437367437111 0.005290628410875797 0.039528656750917435 0.0 0.42550080735236406 0.04929694910741404 2.3874894506255644 0.18911921010808444
197 697.3632261439644 4958.530867324797 176.1405151951093 20.17954277521618 695 700 4956 4961 31.0 1.5435318237453008 1.4559501059880888 58.52759044554534 0.3320582435952405 0.005996342748403549 0.08942878991365433 0.0 1.256914242170751 0.07271300139253736 1.947530841923517 0.1537403072711527
198 4776.359921383454 5054.55938730956 176.10430055170062 20.18034601719212 4708 4834 5005 5103 4486.0 6.0691443792493756 5.796569255302428 14.02030433652116 0.2963210961279328 -0.006449074484407902 98.51537322998047 0.0 4269.497372172278 inf 4112.321872063363 2.517059357527206
199 6938.858684561284 5024.325085714392 176.08510113940994 20.18009265122019 6933 6945 5018 5030 130.0 2.7272254173549824 2.6313944658354513 -67.82388827132483 0.2627594474749374 -0.0013143555261194706 0.4216592311859131 0.0 7.115184072434204 0.15911498683911665 8.09747355237431 0.22714867399581942
200 4871.20003185948 5026.705779249542 176.10345853308732 20.180113885481624 4866 4876 5020 5034 117.0 3.790843569659402 2.259102315754712 66.3519550921602 0.8030315087729811 0.007136278320103884 0.0724351778626442 0.0 3.986982604023069 0.145908366600825 17.378053632472213 0.5089372600926165
201 2090.111978538014 5066.341265855473 176.12815004929678 20.1804430542194 2086 2094 5064 5069 43.0 2.204205401482403 1.4620648971507813 -8.770591745729485 0.7483473850819246 0.015147656202316284 0.0479317381978035 0.0 1.331967482343316 0.0842053878354525 3.5744809138596003 0.24770782746360143
202 7546.4009552215375 5067.389523021498 176.07970710359314 20.180450749541006 7542 7551 5065 5070 51.0 2.463885737304154 1.5285551519689822 1.9968466147972794 0.7842982606617679 0.00674323970451951 0.04611534625291824 0.0 1.3494814555160701 0.08629850549379839 4.029873456762527 0.27116144038762396
204 2745.054816582163 5209.843400992344 176.12233533763916 20.18163948085377 2737 2754 5202 5218 236.0 3.387204835622637 3.2599764724093196 22.908184431180693 0.27149964852322894 -0.014098212122917175 1.0315016508102417 0.0 21.125364608713426 0.2500154888876661 22.5799171335632 0.29806656849977686
205 6727.27145687587 5213.833644658526 176.08697947428635 20.18167211932731 6725 6730 5211 5217 32.0 1.7665928868631373 1.3537997679126657 -68.73399438204471 0.6424426585746794 0.018012328073382378 0.057760853320360184 0.0 1.0627495348453522 0.07288305480524104 2.096590826266218 0.1755423461270674
206 575.9496248221495 5251.261296794102 176.1415936730849 20.18198199199344 567 585 5245 5258 190.0 4.4288667180072725 2.979006816326769 22.22200246800936 0.7399752402241527 0.0008936200756579638 0.06238017603754997 0.0 5.436044815229252 0.20279013848671593 16.412576781001686 inf
207 4263.607810671853 5262.824954757306 176.1088529638265 20.182081593180108 4254 4273 5253 5272 311.0 3.387273367195264 3.3298016134569797 4.708817540671097 0.1834286102068411 -0.006563715636730194 4.072133541107178 0.0 70.94068083600723 0.3892169433965742 72.50045058480609 0.41493163460010435
208 7346.506209803773 5370.005221201221 176.0814814181529 20.182972818861433 7344 7349 5368 5372 26.0 1.510928303177539 1.2730107809050306 -1.809740191854342 0.5386407691952511 0.011421923525631428 0.046917062252759933 0.0 0.7963345916941762 0.06388853335184065 2.1382230286461796 0.18523559121921107
209 1715.8608046687605 5382.459469521286 176.13147318999216 20.183076957629275 1714 1718 5381 5384 15.0 1.136786038322262 1.0012704642500425 -15.825809279002407 0.47350597393640026 0.022206492722034454 0.05480928346514702 0.0 0.5511846952140331 0.05010726266683628 1.6808564383533202 0.1501226747898493
210 5562.10616139493 5421.986351719818 176.09732420681107 20.183407635819275 5557 5567 5417 5427 105.0 2.5360681989745855 2.4672502467506643 -40.16819245834279 0.23137637736929176 -0.006342255510389805 0.37184375524520874 0.0 5.83558328426443 0.149073737260121 6.375472231155975 inf
211 5035.9627344138235 5448.502939471426 176.10199558290077 20.183628820397846 5032 5040 5445 5452 57.0 2.281516753897849 1.839538879008074 18.7264166730362 0.5915355380400339 0.004840290639549494 0.0756588727235794 0.0 1.877227536868304 0.10134127373565406 4.416813016673364 0.26711655562135495
212 3332.724946065963 5456.303063013665 176.11711786923993 20.18369366511492 3330 3336 5454 5459 32.0 1.6956224122441692 1.4079949353698544 1.116372673388319 0.5572115664524734 0.0005107700708322227 0.21461547911167145 0.0 1.41806287196232 0.0932808151269893 3.327392156241098 0.23441577288496737
