Data/Catalogs/F814W_Catalog.ecsv
# %ECSV 1.0
# ---
# datatype:
# - {name: label, datatype: int64}
# - {name: xcentroid, datatype: float64}
# - {name: ycentroid, datatype: float64}
# - {name: sky_centroid.ra, unit: deg, datatype: float64}
# - {name: sky_centroid.dec, unit: deg, datatype: float64}
# - {name: bbox_xmin, datatype: int64}
# - {name: bbox_xmax, datatype: int64}
# - {name: bbox_ymin, datatype: int64}
# - {name: bbox_ymax, datatype: int64}
# - {name: area, unit: pix2, datatype: float64}
# - {name: semimajor_sigma, unit: pix, datatype: float64}
# - {name: semiminor_sigma, unit: pix, datatype: float64}
# - {name: orientation, unit: deg, datatype: float64}
# - {name: eccentricity, datatype: float64}
# - {name: min_value, datatype: float64}
# - {name: max_value, datatype: float64}
# - {name: local_background, datatype: float64}
# - {name: segment_flux, datatype: float64}
# - {name: segment_fluxerr, datatype: float64}
# - {name: kron_flux, datatype: float64}
# - {name: kron_fluxerr, datatype: float64}
# meta: !!omap
# - {date: '2025-03-07 10:18:55 CST'}
# - version: {Python: 3.12.5, astropy: 6.1.2, bottleneck: null, gwcs: 0.21.0, matplotlib: 3.10.0, numpy: 1.26.4, photutils: 1.12.0, scipy: 1.14.0,
#     skimage: 0.24.0, sklearn: 1.5.1}
# - {localbkg_width: 0}
# - {apermask_method: correct}
# - kron_params: !!python/tuple [2.5, 1.4, 0.0]
# - __serialized_columns__:
#     area:
#       __class__: astropy.units.quantity.Quantity
#       unit: !astropy.units.Unit {unit: pix2}
#       value: !astropy.table.SerializedColumn {name: area}
#     eccentricity:
#       __class__: astropy.units.quantity.Quantity
#       unit: !astropy.units.Unit {unit: ''}
#       value: !astropy.table.SerializedColumn {name: eccentricity}
#     orientation:
#       __class__: astropy.units.quantity.Quantity
#       unit: &id001 !astropy.units.Unit {unit: deg}
#       value: !astropy.table.SerializedColumn {name: orientation}
#     semimajor_sigma:
#       __class__: astropy.units.quantity.Quantity
#       unit: !astropy.units.Unit {unit: pix}
#       value: !astropy.table.SerializedColumn {name: semimajor_sigma}
#     semiminor_sigma:
#       __class__: astropy.units.quantity.Quantity
#       unit: !astropy.units.Unit {unit: pix}
#       value: !astropy.table.SerializedColumn {name: semiminor_sigma}
#     sky_centroid:
#       __class__: astropy.coordinates.sky_coordinate.SkyCoord
#       dec: !astropy.table.SerializedColumn
#         __class__: astropy.coordinates.angles.core.Latitude
#         unit: *id001
#         value: !astropy.table.SerializedColumn {name: sky_centroid.dec}
#       frame: icrs
#       ra: !astropy.table.SerializedColumn
#         __class__: astropy.coordinates.angles.core.Longitude
#         unit: *id001
#         value: !astropy.table.SerializedColumn {name: sky_centroid.ra}
#         wrap_angle: !astropy.coordinates.Angle
#           unit: *id001
#           value: 360.0
#       representation_type: spherical
# schema: astropy-2.0
label xcentroid ycentroid sky_centroid.ra sky_centroid.dec bbox_xmin bbox_xmax bbox_ymin bbox_ymax area semimajor_sigma semiminor_sigma orientation eccentricity min_value max_value local_background segment_flux segment_fluxerr kron_flux kron_fluxerr
[from data line 217]
270 4521.909923084614 6700.996524767263 176.10655954846064 20.194066355257725 4399 4627 6598 6785 9047.0 8.958342647924553 7.614955820107696 18.812912541748798 0.5267170160709563 -0.008355471305549145 107.1401596069336 0.0 9057.110731269477 inf 8751.468963623416 inf
271 5540.174148375316 6606.702466707223 176.09751828459528 20.19328028069122 5535 5545 6601 6612 104.0 2.563590990774758 2.420130916055582 87.58356296701221 0.3298326848487943 -0.006948976777493954 0.3862047493457794 0.0 5.435174282407388 0.1440115463344883 6.045639786573252 0.2041106245672866
273 2758.1146279937243 6662.692693410875 176.12222051217583 20.193746566744643 2749 2768 6651 6673 344.0 4.4402990480687725 4.082751638274826 -82.21818654609623 0.39314443580655983 0.0018958593718707561 0.34765398502349854 0.0 21.089901230065152 0.39080439743272927 29.444192405518287 inf
274 4084.821665059518 6683.171560973013 176.11044051577562 20.193917796966982 4083 4086 6682 6685 11.0 0.9391955439764945 0.9048031353756346 42.308375942164204 0.2681362771992071 0.03427863121032715 0.121604785323143 0.0 0.7213914431631565 0.052783710728928526 1.6849227478444888 0.13979416589445445
275 3872.4912411068726 6686.492230858299 176.11232582735187 20.19394543024637 3870 3875 6684 6689 30.0 1.6182702267480713 1.4319944346000801 30.575181242236873 0.4657961849094505 0.014689297415316105 0.04484181851148605 0.0 0.8536747461184859 0.07507121071267311 6.202318284111399 0.2986636887661778
276 5278.554806406155 6694.239519411888 176.09984119193274 20.19400987488736 5275 5282 6691 6698 49.0 1.9276906719581988 1.8374030834337676 -48.808430334114185 0.30245765353000376 0.011264977045357227 0.07651276886463165 0.0 1.795103487558663 0.09622180449776109 3.3657657827559353 0.23630448883757046
277 2909.499319867976 6700.658820929092 176.12087637509723 20.194063056138596 2905 2913 6696 6705 71.0 2.3793162828734635 1.91541341337573 -74.35559101946343 0.5932384210615413 -0.017552493140101433 0.48343563079833984 0.0 4.277054525446147 inf 4.294961195284431 inf
278 2924.8570926700804 6703.249567088096 176.1207400130211 20.194084655772663 2921 2929 6699 6707 64.0 2.057162000092671 1.918242399829475 26.206551192693855 0.3612467312682367 -0.0099267503246665 0.6891849637031555 0.0 3.73345624266949 inf 3.920968031956316 inf
279 2372.8764539420727 6737.7881375330735 176.12564116229586 20.19437204862054 2366 2380 6731 6745 183.0 3.4043237489726152 3.2138775466883485 -51.498127000019565 0.32978074139138297 -0.010252879001200199 0.2437177300453186 0.0 9.544717654003762 inf 12.100198114491812 inf
280 2312.6654792533677 6748.826211194433 176.12617579613485 20.194463977590555 2306 2320 6737 6760 241.0 5.91530134803493 2.7069189239983746 68.82746023900253 0.8891514620088985 -0.0016691124765202403 0.13062123954296112 0.0 9.177783730323426 0.21455883316243798 15.615363603666925 inf
281 2458.671319659584 6754.804479554685 176.12487939143824 20.194513926969325 2457 2460 6753 6757 14.0 1.1488078513857323 0.909313996811327 64.56649823638269 0.6111324342700114 0.011358690448105335 0.14554455876350403 0.0 1.0394654870033264 inf 1.3679156514167057 inf
282 5986.300180479573 6793.51633114529 176.0935569456445 20.194836789626695 5970 6003 6777 6810 912.0 7.162409528178901 6.395858902610105 61.24609260038604 0.45010453218173574 0.0013599987141788006 0.2835390567779541 0.0 55.03064548037946 0.43997243185504703 63.92008192813747 0.61997742751418
283 4884.657378834149 6782.93161817341 176.10333864208891 20.1947490970076 4882 4887 6782 6784 15.0 1.47510992299422 0.7595191862098596 -5.584607935062652 0.8572563216571738 0.016425490379333496 0.057524386793375015 0.0 0.5297135878354311 0.05208040303993865 2.881613137094237 0.19232043942198407
284 4496.186302193392 6795.734393805231 176.10678794745374 20.194855838764695 4494 4498 6790 6801 44.0 3.106577465562367 1.09108986454533 -77.90928016919548 0.9362932369378939 0.009189192205667496 0.06307725608348846 0.0 1.4488536594435573 0.09422204934486833 11.648213954639001 0.3720330919137652
285 4784.463954857223 6859.017758972853 176.10422826366107 20.19538316794082 4781 4788 6855 6863 60.0 2.09254454776461 1.9123787703886799 87.57464616673748 0.40593690869312354 0.0021848520264029503 0.19409246742725372 0.0 2.927595811430365 0.11148400852118948 3.3380167431149106 0.16030863028742703
286 351.24216823456425 6862.349632033408 176.14359181565786 20.19540733149673 346 354 6856 6867 5.0 3.421358521004563 1.3788511229975968 -68.12623322811318 0.9151943615431688 -0.003953283187001944 0.060654450207948685 0.0 0.20896570244804025 0.06418662428630312 1.0494367785313772 inf
287 1634.8759676950924 6877.927461364806 176.13219417065326 20.19553909091013 1628 1641 6872 6884 133.0 3.488307928112265 2.4660130027764415 36.628557938937114 0.7072767906727268 0.0004716591502074152 0.1173740029335022 0.0 5.333972215099493 0.15647565115193782 8.24547766469541 0.3452756735113936
291 5055.248586426386 7010.44245409916 176.10182385965527 20.196644976286656 5053 5057 7009 7012 16.0 1.2376004964778222 0.9925696956893872 -28.381586355616236 0.5973087381725454 0.012843609787523746 0.041501350700855255 0.0 0.46230865363031626 0.05450817439995165 3.6111501986817527 0.21063584668914853
292 4699.353578549156 7044.754010851503 176.1049839501506 20.19693098315651 4694 4705 7039 7051 122.0 2.981353211033328 2.7779669629145696 50.93497769281452 0.3630220227735747 0.00012860348215326667 0.11483034491539001 0.0 4.680378558055963 0.15175035450905663 7.590539643031397 0.4370142855942091
294 5709.391280273673 7086.764100571636 176.09601548830793 20.19728070057204 5706 5713 7083 7090 56.0 2.016839562808561 1.8917617418842056 30.370943095043952 0.34668055853642804 -0.0018933529499918222 0.16554298996925354 0.0 2.276942780474201 0.10163712982492043 2.8247225962576623 0.16014866896552113
296 5412.20343111471 7116.395926415375 176.0986543021808 20.19752778751017 5411 5413 7116 7117 5.0 0.7666888535103825 0.44933897036823006 18.10391223091462 0.8102551089677211 0.04322051256895065 0.11454556882381439 0.0 0.3784240782260895 0.039419652087616136 0.9313700471386464 inf
297 3095.097099670353 7144.940314691591 176.11922869874175 20.197765516167813 3087 3103 7139 7151 166.0 3.643181569529799 2.9469544442081173 -11.127456145018446 0.5879519601852212 -0.003993618302047253 0.20498162508010864 0.0 7.03080676891841 0.1841344350301554 15.718678442787652 inf
298 4981.762140654001 7178.853262235885 176.1024763199579 20.198048420039793 4978 4986 7175 7183 64.0 2.220817975356394 2.1841580838263654 -73.30956858342378 0.18094825531005582 0.00473566260188818 0.055994659662246704 0.0 1.7396844448521733 0.10527453629182909 7.654352109987126 0.3797473307994068
301 4992.265722308799 7215.917745418712 176.1023830441668 20.19835728788389 4991 4994 7214 7218 15.0 1.3045261431242183 0.8875556174988357 -62.83172017053662 0.7328722302763039 0.009819154627621174 0.05019393935799599 0.0 0.45577685069292784 0.0506362955858665 3.329165749933706 0.21028405876389328
307 5506.246346350491 7319.950657926857 176.09781915520747 20.19922403179641 5492 5527 7309 7335 493.0 8.07709344689171 4.84025100281814 -27.354703609661932 0.8005570620314858 -0.007567988242954016 0.06920862942934036 0.0 14.086013769121564 0.2879036822161062 42.16978401494313 inf
308 6329.844020275079 7333.414909238084 176.09050605836873 20.199335672790255 6324 6336 7327 7339 138.0 2.762773570962986 2.6482560076875132 45.93343468339549 0.2849251006516228 -0.0036584115587174892 0.506506085395813 0.0 8.835908909124555 0.17103026288436068 9.33548121000397 0.21803896801162176
312 4728.904747310676 7387.286736016091 176.10472150118585 20.199785417764325 4721 4737 7377 7398 311.0 4.688469907722106 3.722369568829032 -83.40240464852344 0.6079945083053514 0.0017058211378753185 0.20600660145282745 0.0 16.88513767439872 0.2575993642435346 22.87635850064948 0.44071929567174206
313 5992.778313836424 7385.979117096425 176.0934989745197 20.199773973949178 5986 5999 7379 7392 157.0 2.8597907022566518 2.7927150625519777 36.33467025774892 0.21531221501000383 -0.0012412171345204115 0.6551109552383423 0.0 11.121875277982326 0.19190500611225234 11.619318839783302 0.2382600660312193
314 5425.8476418502305 7399.770973770763 176.09853301130914 20.199889239525294 5420 5431 7395 7405 94.0 2.82525498066544 2.4087226239236923 -26.48197609400388 0.5226159410021334 0.01135013997554779 0.06935662031173706 0.0 2.8651304617524147 0.12585740328351494 5.7241507844498765 0.324109852035196
316 3958.9666855600344 7420.492502171697 176.1115581502208 20.200062116501314 3954 3963 7416 7425 77.0 2.6323662220774593 2.099771666702448 -48.87988111430458 0.6030880835188811 0.005107315257191658 0.11625306308269501 0.0 3.044952596537769 0.12406423787144763 6.61453006075387 0.3310206744737938
317 5356.720809049163 7431.128772765371 176.09914680698898 20.20015058531796 5354 5359 7429 7434 27.0 1.5434848664921221 1.3257369130664238 35.00097994256233 0.5121022979435284 0.015470189973711967 0.06354530155658722 0.0 0.8890127427875996 0.0691883317605588 2.8536610488337475 0.21645431589715364
318 6222.780398900712 7467.693913922118 176.0914566070311 20.20045475427172 6204 6242 7453 7486 871.0 9.361855835686109 6.120253011377469 -29.98667169193493 0.756716162701899 0.0008116809767670929 0.10822880268096924 0.0 25.731661896046717 0.3965271204589387 59.29567778109589 1.0678018800162832
319 4815.998471686969 7495.999426956072 176.1039481330765 20.200691341828456 4815 4817 7495 7497 5.0 0.6295402377666542 0.6288035742333934 -89.94586793024983 0.04836272363798899 0.045015446841716766 0.0966046079993248 0.0 0.3314046859741211 0.033634690159528385 1.2154028731185227 0.10532080801765573
322 4966.479598847595 7546.266468252925 176.10261191885783 20.20111020013236 4964 4969 7545 7548 14.0 1.4361908188555554 0.7631077433377939 19.890139504348934 0.8471577423643945 -0.0014999209670349956 0.1292068362236023 0.0 0.8125392533256672 0.06279661024567242 1.898607678764303 0.16762531936526978
323 4991.581009768809 7553.2098969995495 176.1023890277486 20.20116805543549 4987 4996 7547 7559 107.0 3.0902458927388343 2.3855283486503502 84.97206033054297 0.6356781314188419 -0.0026256439741700888 0.10542823374271393 0.0 3.626180245599244 0.1382916669202093 11.031309509381721 0.43497099852905746
324 5353.04896008348 7557.096569679281 176.09917935358337 20.201200318306483 5350 5356 7554 7560 38.0 1.7159505076285122 1.6282970212167314 59.14071815219159 0.31552156492492117 0.006354128010571003 0.07325614243745804 0.0 1.3096146937459707 0.08879607758817869 2.9119891529199915 0.2329723805836237
327 5850.560543671237 7608.62700015795 176.09476163854347 20.20162946965541 5849 5852 7606 7611 21.0 1.5349741636825436 1.0314443730402576 82.7377836231703 0.7405855888861701 0.02061331830918789 0.04383207857608795 0.0 0.6241700854152441 0.0599067879731169 3.407190631747133 0.2153413390192193
329 6087.498428077557 7642.240857529984 176.09265770376823 20.201909418238223 6082 6094 7633 7651 183.0 4.406697769129087 2.6963736799184677 70.5360424651074 0.7909500033580052 0.008818103931844234 0.11329811066389084 0.0 6.552831607870758 0.178078814138418 11.939316666288391 0.43032638031137316
331 6055.870651771882 7650.879288543761 176.09293853865185 20.201981428861004 6055 6057 7650 7652 8.0 0.8622123667799027 0.6832603576240615 -45.479728511014784 0.6099366274275326 0.01597793586552143 0.049424149096012115 0.0 0.22553178668022156 0.04157542959081922 2.050323464048353 0.15157805868413674
335 4204.804022143644 7722.028706375112 176.10937526754213 20.20257495146195 4166 4234 7697 7737 1090.0 10.73162874218281 7.788106471827445 14.389012087489542 0.6879952020612297 -0.0031022157054394484 0.5746914744377136 0.0 72.72487376647405 inf 111.45963719946923 inf
337 4911.097137251757 7711.204942049378 176.10310364919596 20.20248470064257 4907 4915 7707 7715 64.0 2.1440821160656065 2.0738774124522865 63.06772664849936 0.2538007463703454 0.005752972327172756 0.12702688574790955 0.0 2.6672607054933906 0.11062010529877991 3.8973233378973164 0.2366529391811951
343 5928.442574129995 7811.188684410644 176.094069931343 20.203317431166184 5926 5931 7809 7813 23.0 1.4002442742976535 1.229382883526985 16.81939228073635 0.4787020102262258 0.011479612439870834 0.07970931380987167 0.0 0.9158724313601851 0.0651574041296687 1.7940194375602994 0.1640055939587205
349 5759.173361903051 7943.497933551687 176.09557290032566 20.204420117661574 5752 5766 7936 7951 154.0 4.780609366146756 2.344603403115611 50.43623199691414 0.8714748018817365 0.006697909440845251 0.052850451320409775 0.0 4.182281440589577 0.15871796643464015 12.195372854880524 0.48663545202907044
350 5485.936103716317 7951.279357588543 176.09799917047184 20.204485113024127 5465 5508 7939 7963 725.0 9.666956980813671 4.155012656229979 19.095835293640253 0.9029165062719351 0.0011138544650748372 0.1539498269557953 0.0 36.546829922823235 0.3795739289136045 52.4389398437028 inf
352 6091.739269285737 7970.288108431118 176.0926197819311 20.20464314132694 6086 6098 7964 7976 138.0 2.789343054965895 2.6985567725171826 64.77010587110323 0.2530528737629143 -0.005898677743971348 0.4592319130897522 0.0 8.088787524262443 0.1672415198281475 9.019050359991232 0.24026736174829078
356 6736.134048484135 8025.283073864301 176.08689765858605 20.205100850889032 6734 6739 8023 8028 27.0 1.5185950670697943 1.3258848545701813 -54.287128512843644 0.48754175534112987 0.01095618773251772 0.11646789312362671 0.0 1.1312369741499424 0.08568997090587833 2.76175929666882 0.260376697435402
357 5940.3903312458815 8063.969972032132 176.09396365322036 20.20542393303197 5938 5943 8062 8066 25.0 1.4615829424614875 1.2820888716420487 -11.959821158527435 0.4801397572786228 0.019469890743494034 0.0549488328397274 0.0 0.8419211953878403 0.07209747691941276 2.497081009799345 0.20100710555267726
360 1923.5958667144441 417.3433930988408 176.12962300078956 20.141701234891976 1918 1931 408 423 9.0 4.07576324373513 2.2945119381731995 40.52951068069333 0.8264807565290747 0.01442081667482853 0.03891574218869209 0.0 0.25368985906243324 inf 3.7452580465435994 inf
362 1960.533681534515 574.1398089272116 176.12929531541957 20.143007911389578 1945 1978 564 586 382.0 7.363915632853855 3.6918731189116687 22.474253818332826 0.8652466212129324 -0.0030387863516807556 0.08820103108882904 0.0 15.319805984123377 1.3884231105208176 35.085670673339216 inf
363 1952.6967803137704 587.398029854852 176.12936489293813 20.143118388043757 1938 1968 571 604 657.0 7.723278390528755 5.617994204759873 47.46804963531858 0.6862025119705123 0.004768435377627611 0.14193636178970337 0.0 29.975239544175565 inf 71.03835015201383 inf
364 2257.075330134837 851.8468427522618 176.12666342241067 20.14532243668112 2250 2265 845 857 127.0 3.6995413396372125 2.8794476050542444 11.64925375372004 0.6278609035266196 0.003977801185101271 0.033020708709955215 0.0 2.5794270648621023 0.1338796582732885 32.37764468910285 0.616371935846752
365 2268.9936604382465 875.2110156992765 176.12655765442014 20.145517149334868 2238 2302 844 903 2368.0 14.176793771914232 11.475914737982395 10.446253491291028 0.5871393100722002 0.001159022212959826 0.09603993594646454 0.0 63.1896768809529 0.6039794968905169 167.05041717075196 inf
366 2676.8246881229566 1197.356785608779 176.12293785297808 20.148202044394722 2675 2678 1193 1203 23.0 2.8481678913976816 0.7915371648302869 80.47335431834473 0.9606068292383353 0.008526010438799858 0.033216625452041626 0.0 0.4634722378104925 0.05698136288687047 6.921817122197273 0.2855548865908349
